Tc1t;(T1-P1)+(P1-d)
Tc2p;(T1-d)-(T1-P1)
Tc3t;(T1-P1)+(P1-d)
Tc4p;
Cc1t;(T1-P1)+(P1-d)
Cc2p;
Cc3t;(T1-P1)+(P1-d)
Cc4p;
Tc1p;T1-d
Tc2t;(T1-P1)+(P1-d)
Tc3p;T1-d
Tc4t;T1-(P1-d)
Cc1p;(T1-d)-(T1-P1)
Cc2t;(T1-P1)+d
Cc3p;(T1-d)-(T1-P1)
Cc4t;
Cc1t;(T1-P1)+(P1-d)
Cc2p;(T1-d)-(T1-P1)
Cc3t;(T1-P1)+(P1-d)
Cc4p;(T1-d)-(T1-P1)
Tc1t;(T1-P1)+(P1-d)
Tc2p;(T1-d)-(T1-P1)
Tc3t;T1-(P1-d)
Tc4p;(T1-d)-(T1-P1)
Cc1p;T1-d
Cc2t;(T1-P1)+d
Cc3p;(T1-d)-(T1-P1)
Cc4t;(T1-P1)+d
Tc1p;T1-d
Tc2t;T1-d
Tc3p;T1-d
Tc4t;P1-d
Cc4p;(T1-d)-P1
Cc3t;(T1-P1)+(P1-d)
Cc2p;(T1-d)-(T1-P1)
Cc1t;(T1-P1)+((T1-P1)-d)
Tc4p;(T1-d)-P1
Tc3t;P1-d
Tc2p;(T1-d)-P1
Tc1t;(T1-d)+P1
Cc4t;P1-d
Cc3p;T1-d
Cc2t;T1-d
Cc1p;T1-d
Tc4t;T1-d
Tc3p;T1-d
Tc2t;T1-d
Tc1p;T1-d
Tc4p;P1+T1-d
Tc3t;
Tc2p;T1-P1-d
Tc1t;P1+d
Cc4p;P1-d
Cc3t;(P1-d)-d+(T1-P1)
Cc2p;(T1-d)-(T1-P1)
Cc1t;(T1-P1)+(P1-d)
Tc4t;P1+T1-d
Tc3p;T1+P1+d
Tc2t;T1-d
Tc1p;P1+T1-d
Cc4t;(T1-P1)+(P1-d)
Cc3p;T1-d
Cc2t;T1-(P1-d)
Cc1p;T1-d
Tc1t;T1-d
Cc3p;T1-d
Tc2t;(T1-P1)+d
Cc4p;T1-d
Cc1t;(T1-P1)+(P1-d)
Tc3p;T1-d
Cc2t;(T1-P1)+d
Tc4p;(T1-P1)-d
Tc1p;P1+T1-d
Cc3t;(T1-P1)+(P1-d)
Tc2p;T1-d
Cc4t;T1-d
Cc1p;T1-d
Tc3t;T1+d
Cc2p;T1-d
Tc4t;P1+T1
Cc1t;(T1-P1)+(P1-d)
Tc3p;P1-d
Cc2t;(T1-P1)+(P1-(T1-P1))
Tc4p;T1-P1
Tc1t;
Cc3p;(T1-P1)-d
Tc2t;
Cc4p;
Cc1p;(T1-d)-(T1-P1)
Tc3t;T1-d
Cc2p;(T1-d)-(T1-P1)
Tc4t;T1+(P1-d)
Tc1p;T1-d
Cc3t;(T1-P1)+(P1-d)
Tc2p;T1-d
Cc4t;P1-d
Tc4p;(T1-d)-P1
Cc2t;(T1-P1)+(P1-d)
Tc3p;(T1+d)-(T1-d)
Cc1t;(T1-P1)+(P1-d)
Cc4p;(T1-d)-P1
Tc2t;(T1-P1)+d
Cc3p;
Tc1t;(P1-d)+d+d
Tc4t;T1+P1
Cc2p;T1-d
Tc3t;T1-d
Cc1p;T1-P1
Cc4t;
Tc2p;T1-d
Cc3t;
Tc1p;P1-d
Cc4p;P1-d
Tc2t;T1-d
Cc3p;(T1-d)-(T1-P1)
Tc1t;T1-d
Tc4p;P1-d
Cc2t;(T1-P1)+(P1-d)
Tc3p;P1+d
Cc1t;(T1-P1)+(P1-d)
Cc4t;(T1-P1)+(P1-d)
Tc2p;
Cc3t;(T1-P1)+(P1-d)
Tc1p;T1-d
Tc4t;
Cc2p;T1-d
Tc3t;T1-d
Cc1p;P1-d
Tc1t;T1+(P1-d)
Tc2p;P1-d
Tc3t;T1-d
Tc4p;T1-d
Cc1t;T1-d
Cc2p;P1-d
Cc3t;T1-d
Cc4p;P1-d
Tc1p;(T1-d)-(T1-P1)
Tc2t;(T1-P1)+(P1-d)
Tc3p;(T1-d)-(T1-P1)
Tc4t;(T1-P1)+(P1-d)
Cc1p;(T1-d)-(T1-P1)
Cc2t;(T1-P1)+(P1-d)
Cc3p;
Cc4t;
Cc1t;(T1-P1)+d
Cc2p;(T1-d)-(T1-P1)
Cc3t;(T1-P1)+(P1-d)
Cc4p;
Tc1t;
Tc2p;
Tc3t;
Tc4p;
Cc1p;(T1-P1)-d
Cc2t;(T1-P1)+(P1-d)
Cc3p;T1-d
Cc4t;(T1-P1)+(P1-d)
Tc1p;T1-P1
Tc2t;
Tc3p;
Tc4t;
Cc4p;T1-d
Cc3t;P1+(P1-d)
Cc2p;T1-d
Cc1t;(T1-P1)+d
Tc4p;
Tc3t;
Tc2p;
Tc1t;
Cc4t;P1-d
Cc3p;(T1-P1)+((T1-P1)-d)
Cc2t;(T1-P1)+(P1-d)
Cc1p;(T1-d)-(T1-P1)
Tc4t;(T1+P1)-d
Tc3p;(T1+P1)-d
Tc2t;T1-d
Tc1p;T1-d
Tc4p;(T1+P1)-d
Tc3t;(T1+P1)-d
Tc2p;(T1+P1)-d
Tc1t;(T1+P1)-d
Cc4p;(T1+P1)-d
Cc3t;(T1+P1)-d
Cc2p;(T1+P1)-d
Cc1t;
Tc4t;T1+P1+d
Tc3p;(T1+P1)-d
Tc2t;T1+P1+d
Tc1p;T1+P1+d
Cc4t;(T1+P1)-d
Cc3p;(T1+P1)-d
Cc2t;(T1-P1)+d
Cc1p;T1+P1+d
Tc1t;T1-d
Cc3p;T1-d
Tc2t;(T1-P1)+(P1-d)
Cc4p;T1-d
Cc1t;(T1-P1)+(P1-d)
Tc3p;
Cc2t;(T1-P1)+(P1-d)
Tc4p;T1-d
Tc1p;T1-d
Cc3t;(T1-P1)+(P1-d)
Tc2p;(T1-P1)-d
Cc4t;T1-d
Cc1p;(T1-P1)+d
Tc3t;T1-d
Cc2p;(T1-P1)-d)-P1
Tc4t;T1+(P1-d)
Cc1t;T1-d
Tc3p;T1-d
Cc2t;(T1-d)+(T1-P1)
Tc4p;T1-d
Tc1t;T1-d
Cc3p;T1-d
Tc2t;T1-d
Cc4p;T1-d
Cc1p;
Tc3t;
Cc2p;T1-P1
Tc4t;T1-d
Tc1p;
Cc3t;
Tc2p;
Cc4t;
Tc4p;T1-d
Cc2t;(T1-P1)+((T1-P1)-d)
Tc3p;(T1+P1)-d
Cc1t;(T1-P1)+(P1-d)
Cc4p;T1-d
Tc2t;(T1-P1)-d
Cc3p;T1-d
Tc1t;T1-d
Tc4t;P1-d
Cc2p;(T1-d)-(T1-P1)
Tc3t;T1-d
Cc1p;(T1-d)-(T1-P1)
Cc4t;(T1-P1)+(P1-d)
Tc2p;(T1-d)-(T1-P1)
Cc3t;(T1-P1)+(P1-d)
Tc1p;T1-d
Cc4p;(T1-d)/2
Tc2t;T1-d
Cc3p;(T1-d)-(T1-P1)
Tc1t;(T1-P1)+(P1-d)
Tc4p;(T1-d)-(T1-P1)
Cc2t;(T1-P1)+(P1-d)
Tc3p;(T1-d)-(T1-P1)
Cc1t;(T1-P1)+(P1-d)
Cc4t;T1-(P1-d)
Tc2p;T1-d
Cc3t;T1+(P1-d)
Tc1p;T1-d
Tc4t;(T1+P1)-d
Cc2p;(T1-P1)+((T1-P1)-d)
Tc3t;T1+P1+d
Cc1p;T1-d
Tc1t;(T1-P1)+(P1-d)
Tc2p;(T1-d)-(T1-P1)
Tc3t;P1+((T1-P1)-d)
Tc4p;(T1-d)-(T1-P1)
Cc1t;(T1-P1)+(P1-d)
Cc2p;(T1-d)-(T1-P1)
Cc3t;(T1-P1)+(P1-d)
Cc4p;(T1-d)-(T1-P1)
Tc1p;T1-d
Tc2t;T1-d
Tc3p;(T1-P1)-d
Tc4t;(T1-P1)+(P1-d)
Cc1p;
Cc2t;(T1-P1)+(P1-d)
Cc3p;(T1-d)-(T1-P1)
Cc4t;(T1-P1)+(P1-d)
Cc1t;(T1-P1)+(P1-d)
Cc2p;(T1-d)-(T1-P1)
Cc3t;(T1-P1)+(P1-d)
Cc4p;(T1-d)-(T1-P1)
Tc1t;(T1-P1)+(P1-d)
Tc2p;(T1-P1)+(P1-d)
Tc3t;P1-d
Tc4p;P1+((T1-P1)-d)
Cc1p;(T1-d)-P1
Cc2t;(T1-P1)+(P1-d)
Cc3p;T1-d
Cc4t;P1-d
Tc1p;T1-d
Tc2t;(T1-P1)-d
Tc3p;T1-d
Tc4t;T1-d
Cc4p;(T1-d)/2
Cc3t;(T1-P1)+(P1-d)
Cc2p;(T1-d)-(T1-P1)
Cc1t;(T1-P1)+(P1-d)
Tc4p;T1-d
Tc3t;T1-d
Tc2p;T1-d
Tc1t;(T1-P1)-d
Cc4t;P1-d
Cc3p;(T1+P1)-d
Cc2t;T1+(P1-d)
Cc1p;T1-d
Tc4t;T1+(P1-d)
Tc3p;T1-d
Tc2t;T1-d
Tc1p;T1-d
Tc4p;T1-d
Tc3t;T1-d
Tc2p;T1-d
Tc1t;T1-d
Cc4p;T1-d
Cc3t;(T1-P1)+(P1-d)
Cc2p;(T1-d)-(T1-P1)
Cc1t;(T1-P1)+(P1-d)
Tc4t;
Tc3p;
Tc2t;T1-d
Tc1p;T1-d
Cc4t;(T1-P1)+(P1-d)
Cc3p;(T1-P1)-d
Cc2t;(T1-P1)+(P1-d)
Cc1p;T1-d
Tc1t;T1-d
Cc3p;T1-d
Tc2t;(T1-P1)+d
Cc4p;T1-d
Cc1t;(T1-P1)+(P1-d)
Tc3p;T1-d
Cc2t;(T1-P1)+(P1-d)
Tc4p;T1-d
Tc1p;(T1+P1)-d
Cc3t;(T1-P1)+(P1-d)
Tc2p;(T1-d)-(T1-P1)
Cc4t;P1+(P1-d)
Cc1p;(T1-P1)-d
Tc3t;T1-d
Cc2p;T1-d
Tc4t;T1-P1
Cc1t;(T1-P1)+(P1-d)
Tc3p;(T1+P1)-d
Cc2t;(T1-P1)+(P1-d)
Tc4p;T1-d
Tc1t;T1+(P1-d)
Cc3p;(T1-d)-(T1-P1)
Tc2t;T1-d
Cc4p;(T1-d)-(T1-P1)
Cc1p;T1-d
Tc3t;(T1+P1)-d
Cc2p;T1-d
Tc4t;T1-(P1-d)
Tc1p;P1-d
Cc3t;(T1-d)+(T1-P1)
Tc2p;P1-d
Cc4t;T1-d
Tc4p;(T1-d)-(T1-P1)
Cc2t;(T1-P1)+(P1-d)
Tc3p;T1-d
Cc1t;(T1-P1)+(P1-d)
Cc4p;(T1-d)-(T1-P1)
Tc2t;T1-d
Cc3p;(T1-d)-(T1-P1)
Tc1t;(T1-P1)+(P1-d)
Tc4t;T1-(P1-d)
Cc2p;T1-d
Tc3t;T1-d
Cc1p;T1-d
Cc4t;P1-d
Tc2p;T1-d
Cc3t;(T1-P1)+(P1-d)
Tc1p;T1-d
Cc4p;(T1-d)-P1
Tc2t;T1-d
Cc3p;(T1-P1)-d
Tc1t;T1-d
Tc4p;T1-d
Cc2t;(T1-P1)+d
Tc3p;T1-d
Cc1t;(T1-P1)+(P1-d)
Cc4t;
Tc2p;(T1-P1)+(P1-d)
Cc3t;(T1-P1)+(P1-d)
Tc1p;
Tc4t;(T1+P1)+(P1-d)
Cc2p;(T1-d)-(T1-P1)
Tc3t;
Cc1p;
Tc1t;P1-d
Tc2p;
Tc3t;T1-d
Tc4p;P1-d
Cc1t;(T1-P1)+(P1-d)
Cc2p;(T1-d)-P1+P1
Cc3t;(T1-P1)+(P1-d)
Cc4p;(T1-d)-(T1-P1)
Tc1p;T1-d
Tc2t;T1-d
Tc3p;T1-d
Tc4t;P1-d
Cc1p;T1-d
Cc2t;(T1-P1)+(P1-d)
Cc3p;T1-d
Cc4t;P1-d
Cc1t;(T1-P1)+(P1-d)
Cc2p;(T1-P1)+(P1-d)
Cc3t;(T1-P1)+(P1-d)
Cc4p;P1+((T1-P1)-d)
Tc1t;(T1-P1)+d
Tc2p;(T1-P1)+(P1-d)
Tc3t;P1-d
Tc4p;T1-d
Cc1p;(T1-d)-(T1-P1)
Cc2t;(T1-P1)+(P1-d)
Cc3p;(T1-d)-(T1-P1)
Cc4t;(T1-P1)+(P1-d)
Tc1p;(T1-d)-P1
Tc2t;(T1-P1)+(P1-d)
Tc3p;P1+(T1-P1-d)
Tc4t;(T1-P1)+(P1-d)
Cc4p;(T1-d)-(T1-P1)
Cc3t;T1-d
Cc2p;(T1-P1)+(P1-d)
Cc1t;(T1-P1)+(P1-d)
Tc4p;T1-d
Tc3t;T1-d
Tc2p;T1-d
Tc1t;P1+(P1-d)
Cc4t;(T1-P1)+(P1-d)
Cc3p;(T1-d)-(T1-P1)
Cc2t;(T1-P1)+(P1-d)
Cc1p;(T1-d)-(T1-P1)
Tc4t;(T1-P1)+(P1-d)
Tc3p;(T1-P1)+d
Tc2t;T1-d
Tc1p;T1-d
Tc4p;T1-d
Tc3t;T1-d
Tc2p;(T1-d)-(T1-P1)
Tc1t;T1+(P1-d)
Cc4p;(T1-d)-(T1-P1)
Cc3t;(T1-P1)+(P1-d)
Cc2p;(T1-d)-(T1-P1)
Cc1t;(T1-P1)+(P1-d)
Tc4t;T1+d
Tc3p;T1-d
Tc2t;T1+d
Tc1p;T1-d
Cc4t;
Cc3p;T1-d
Cc2t;(T1-d)+(T1-P1)
Cc1p;T1-d
Tc1t;T1-d
Cc3p;(T1-P1)-d
Tc2t;T1-d
Cc4p;(T1-d)-(T1-P1)
Cc1t;(T1-P1)+(P1-d)
Tc3p;T1-d
Cc2t;(T1-P1)+(P1-d)
Tc4p;P1-d
Tc1p;P1-d
Cc3t;(T1-P1)+(P1-d)
Tc2p;T1-((T1-P1)-d)
Cc4t;P1+d
Cc1p;(T1-d)-(T1-P1)
Tc3t;T1-d
Cc2p;(T1-d)-(T1-P1)
Tc4t;(T1-P1)+(P1-d)
Cc1t;(T1-P1)+d
Tc3p;T1-d
Cc2t;(T1-P1)+(P1-d)
Tc4p;(T1+P1)-d
Tc1t;P1-d
Cc3p;P1-d
Tc2t;T1-d
Cc4p;(T1-P1)-d
Cc1p;T1-d
Tc3t;T1-d
Cc2p;T1-d
Tc4t;T1-d
Tc1p;T1-d
Cc3t;T1-d
Tc2p;T1-d
Cc4t;T1-d
Tc4p;T1-d
Cc2t;T1-d
Tc3p;
Cc1t;T1-d
Cc4p;(T1-d)-P1
Tc2t;T1-d
Cc3p;
Tc1t;T1-d
Tc4t;T1+P1
Cc2p;(T1-d)-(T1-P1)
Tc3t;(T1-d)+P1
Cc1p;(T1-d)-(T1-P1)
Cc4t;(T1-P1)+d
Tc2p;(T1-d)-(T1-P1)
Cc3t;(T1-P1)+(P1-d)
Tc1p;(T1-d)-(T1-P1)
Cc4p;
Tc2t;(T1-P1)+(P1-d)
Cc3p;(T1-P1)-d
Tc1t;T1-d
Tc4p;(T1-P1)-d
Cc2t;(T1-P1)+(P1-d)
Tc3p;
Cc1t;(T1-P1)+(P1-d)
Cc4t;(T1-P1)+(P1-d)
Tc2p;(T1-d)-(T1-P1)
Cc3t;(T1-P1)+(P1-d)
Tc1p;(T1-d)-(T1-P1)
Tc4t;(T1-P1)+(P1-d)
Cc2p;(T1-d)-(T1-P1)
Tc3t;(T1-P1)+(P1-d)
Cc1p;(T1-d)-(T1-P1)
Tc1t;(T1+P1)-d
Tc2p;(T1-P1)+(P1-d)
Tc3t;(T1+P1)-d
Tc4p;(T1+P1)+d
Cc1t;(T1-P1)+(P1-d)
Cc2p;P1-d
Cc3t;(T1-P1)+(P1-d)
Cc4p;(T1-d)-P1
Tc1p;T1-d
Tc2t;T1-d
Tc3p;T1-d
Tc4t;T1-d
Cc1p;T1-d
Cc2t;T1-d
Cc3p;(T1-P1)-d
Cc4t;(T1-P1)+(P1-d)
Cc1t;(T1-P1)+(P1-d)
Cc2p;(T1-P1)-d
Cc3t;(T1-P1)+(P1-d)
Cc4p;(T1-d)-(T1-P1)
Tc1t;T1-d
Tc2p;(T1-d)-(T1-P1)
Tc3t;T1-d
Tc4p;(T1-d)-(T1-P1)
Cc1p;T1-d
Cc2t;T1-P1
Cc3p;T1-d
Cc4t;(T1+P1)+(P1-d)
Tc1p;T1-d
Tc2t;T1-d
Tc3p;T1+P1+d-d
Tc4t;T1-d
Cc4p;(T1-d)/2
Cc3t;(T1-P1)+(P1-d)
Cc2p;(T1-d)-(T1-P1)
Cc1t;(T1-P1)+d
Tc4p;T1-d
Tc3t;T1-d
Tc2p;T1-d
Tc1t;(T1-P1)-d
Cc4t;P1-d
Cc3p;T1-d
Cc2t;(T1-P1)+(P1-d)
Cc1p;P1-d
Tc4t;P1-d
Tc3p;P1-d
Tc2t;T1-d
Tc1p;P1-d
Tc4p;(T1-d)-(T1-P1)
Tc3t;T1-d
Tc2p;(T1-d)-(T1-P1)
Tc1t;(T1-P1)+(P1-d)
Cc4p;(T1-d)-(T1-P1)
Cc3t;(T1-P1)+(P1-d)
Cc2p;(T1-d)-(T1-P1)
Cc1t;(T1-P1)+(P1-d)
Tc4t;(T1+P1)-d
Tc3p;T1-d
Tc2t;T1-(P1-d)
Tc1p;T1-d
Cc4t;(T1-P1)+(P1-d)
Cc3p;(T1-P1)+(P1-d)
Cc2t;(T1-P1)+(P1-d)
Cc1p;(T1-d)-(T1-P1)
Tc1t;T1+(P1-d)
Cc3p;T1-d
Tc2t;(T1-P1)+(P1-d)
Cc4p;(T1-d)-P1
Cc1t;(T1-P1)+(P1-d)
Tc3p;T1-d
Cc2t;(T1-P1)+(P1-d)
Tc4p;T1-d
Tc1p;(T1-d)-(T1-P1)
Cc3t;(T1-P1)+(P1-d)
Tc2p;(T1-d)-(T1-P1)
Cc4t;(T1-P1)+(P1-d)
Cc1p;(T1-d)-(T1-P1)
Tc3t;(T1-P1)+(P1-d)
Cc2p;(T1-d)-(T1-P1)
Tc4t;(T1-P1)+(P1-d)
Cc1t;(T1-P1)+(P1-d)
Tc3p;
Cc2t;(T1-P1)+(P1-d)
Tc4p;T1-d
Tc1t;T1-d
Cc3p;T1-d
Tc2t;T1-d
Cc4p;(T1-d)-P1
Cc1p;(T1-d)-(T1-P1)
Tc3t;T1-d
Cc2p;(T1-d)-(T1-P1)
Tc4t;T1+(T1-P1)
Tc1p;(T1-d)-P1
Cc3t;(T1-P1)+(P1-d)
Tc2p;T1-d
Cc4t;(T1-P1)+d
Tc4p;T1-d
Cc2t;(T1-P1)+(P1-d)
Tc3p;(T1-d)-P1
Cc1t;(T1-P1)+(P1-d)
Cc4p;(T1-d)-(T1-P1)
Tc2t;(T1-P1)+(P1-d)
Cc3p;(T1-d)-(T1-P1)
Tc1t;(T1-P1)+(P1-d)
Tc4t;(T1-P1)+(P1-d)
Cc2p;(T1-P1)+(P1-d)
Tc3t;(T1-P1)+(P1-d)
Cc1p;(T1-d)-(T1-P1)
Cc4t;(T1-P1)+(P1-d)
Tc2p;(T1-d)-(T1-P1)
Cc3t;(T1-P1)+(P1-d)
Tc1p;(T1-P1)+(P1-d)
Cc4p;(T1-d)-(T1-P1)
Tc2t;T1-d
Cc3p;(T1-d)-(T1-P1)
Tc1t;T1-d
Tc4p;(T1-d)-(T1-P1)
Cc2t;(T1-P1)+(P1-d)
Tc3p;(T1-d)-P1
Cc1t;(T1-P1)+(P1-d)
Cc4t;(T1-P1)+(P1-d)
Tc2p;T1-d
Cc3t;(T1-P1)+(P1-d)
Tc1p;
Tc4t;(T1-P1)+(P1-d)
Cc2p;(T1-d)-(T1-P1)
Tc3t;T1-d
Cc1p;(T1-P1)-d
Tc1t;T1-d
Tc2p;(T1+P1)-d
Tc3t;T1-d
Tc4p;(T1+P1)-d
Cc1t;P1+(P1-d)
Cc2p;T1-P1
Cc3t;(T1-P1)+(P1-d)
Cc4p;T1-P1
Tc1p;(T1+P1)-d
Tc2t;(T1-P1)+(P1-d)
Tc3p;T1-d
Tc4t;P1-d
Cc1p;T1-d
Cc2t;(T1-P1)+(P1-d)
Cc3p;
Cc4t;
Cc1t;(T1-P1)+(P1-d)
Cc2p;(T1-d)-(T1-P1)
Cc3t;(T1-P1)+(P1-d)
Cc4p;T1-d
Tc1t;T1-d
Tc2p;T1-d
Tc3t;T1-d
Tc4p;T1-d
Cc1p;(T1-d)-(T1-P1)
Cc2t;(T1-P1)+(P1-d)
Cc3p;(T1-d)-(T1-P1)
Cc4t;(T1-P1)+(P1-d)
Tc1p;
Tc2t;
Tc3p;
Tc4t;
Cc4p;
Cc3t;
Cc2p;
Cc1t;T1-d
Tc4p;
Tc3t;
Tc2p;
Tc1t;
Cc4t;(T1-P1)+(P1-d)
Cc3p;
Cc2t;(T1-P1)+(P1-d)
Cc1p;(T1-d)-P1
Tc4t;(T1-P1)+(P1-d)
Tc3p;
Tc2t;
Tc1p;
Tc4p;T1-d
Tc3t;T1-d
Tc2p;(T1-d)-(T1-P1)
Tc1t;T1-d
Cc4p;T1-P1
Cc3t;(T1-P1)+(P1-d)
Cc2p;(T1-d)-P1
Cc1t;(T1-P1)+d
Tc4t;(T1-P1)+(P1-d)
Tc3p;T1-d
Tc2t;T1+(P1-d)
Tc1p;(T1-P1)+3
Cc4t;(T1-P1)+(P1-d)
Cc3p;(T1-d)-P1
Cc2t;(T1-P1)+(P1-d)
Cc1p;(T1-d)-(T1-P1)
Tc1t;(P1-d)+T1
Cc3p;T1-d
Tc2t;T1-d
Cc4p;T1+P1+d
Cc1t;(T1-P1)+d
Tc3p;
Cc2t;(T1-P1)+d
Tc4p;
Tc1p;(T1-d)-P1
Cc3t;(T1-P1)+(P1-d)
Tc2p;T1-d
Cc4t;(T1-P1)+(P1-d)
Cc1p;(T1-d)-(T1-P1)
Tc3t;P1-d
Cc2p;(T1-d)-(T1-P1)
Tc4t;
Cc1t;(T1-P1)+(P1-d)
Tc3p;P1+d
Cc2t;(T1-P1)+(P1-d)
Tc4p;(T1+P1)-d
Tc1t;T1+d
Cc3p;(T1-d)-(T1-P1)
Tc2t;T1-d
Cc4p;
Cc1p;T1-d
Tc3t;T1-d
Cc2p;T1-d
Tc4t;
Tc1p;T1-d
Cc3t;P1-d
Tc2p;T1-d
Cc4t;P1-d
Tc4p;(T1-d)-(T1-P1)
Cc2t;(T1-P1)+(P1-d)
Tc3p;(T1-P1)-d
Cc1t;(T1-P1)+(P1-d)
Cc4p;(T1-d)-P1
Tc2t;(T1-P1)-d
Cc3p;(T1-P1)-d
Tc1t;(T1-P1)+(P1-d)
Tc4t;(T1-P1)+(P1-d)
Cc2p;(T1-d)-(T1-P1)
Tc3t;(T1-P1)+(P1-d)
Cc1p;(T1-d)-(T1-P1)
Cc4t;(T1-P1)+(P1-d)
Tc2p;(T1-d)-(T1-P1)
Cc3t;(T1-P1)+(P1-d)
Tc1p;T1-d
Cc4p;(T1-d)-(T1-P1)
Tc2t;T1-d
Cc3p;T1-d
Tc1t;T1-d
Tc4p;(T1+P1)-d
Cc2t;
Tc3p;
Cc1t;
Cc4t;(T1-P1)+d
Tc2p;T1-d
Cc3t;(T1-P1)+(P1-d)
Tc1p;T1-d
Tc4t;P1-d
Cc2p;(T1-P1)+d
Tc3t;
Cc1p;
Tc1t;
Tc2p;
Tc3t;
Tc4p;
Cc1t;
Cc2p;
Cc3t;
Cc4p;
Tc1p;(T1-d)-P1
Tc2t;T1-d
Tc3p;(T1+P1)-d
Tc4t;T1-(P1+d)
Cc1p;(T1+P1)-d
Cc2t;(T1+P1)-((T1+P1)-d)
Cc3p;
Cc4t;
Cc1t;(T1-P1)+(P1-d)
Cc2p;(T1-d)-(T1-P1)
Cc3t;(T1-P1)+(P1-d)
Cc4p;(T1-d)-(T1-P1)
Tc1t;T1-d
Tc2p;T1-d
Tc3t;P1-d
Tc4p;(T1-P1)-P1
Cc1p;T1-d
Cc2t;(T1-P1)+(P1-d)
Cc3p;T1-d
Cc4t;P1-d
Tc1p;T1-d
Tc2t;T1-d
Tc3p;
Tc4t;(T1-P1)+(P1-d)
Cc4p;
Cc3t;
Cc2p;
Cc1t;
Tc4p;
Tc3t;
Tc2p;
Tc1t;
Cc4t;T1-P1
Cc3p;T1-P1
Cc2t;T1-d
Cc1p;T1-d
Tc4t;(T1+P1)-d
Tc3p;T1+P1+P1
Tc2t;T1-d
Tc1p;(T1-P1)-d
Tc4p;(T1+P1)-d
Tc3t;T1+P1+P1
Tc2p;T1-d
Tc1t;T1+d
Cc4p;P1-d
Cc3t;(T1-P1)-(T1-P1)
Cc2p;T1-d
Cc1t;(P1-d)+P1
Tc4t;T1-d
Tc3p;(T1+P1)-d
Tc2t;T1-d
Tc1p;(T1+P1)-d
Cc4t;(T1-P1)+(P1-d)
Cc3p;(T1-d)-P1
Cc2t;(T1-P1)+d
Cc1p;T1-d
Tc1t;
Cc3p;(T1-d)-P1
Tc2t;T1-d
Cc4p;(T1-d)-(T1-P1)
Cc1t;T1-d
Tc3p;(T1+P1)-d
Cc2t;(T1-P1)+d
Tc4p;T1-d
Tc1p;T1-P1
Cc3t;(T1-P1)+(P1-d)
Tc2p;T1-d
Cc4t;P1-d
Cc1p;T1-d
Tc3t;
Cc2p;(T1+P1)-d
Tc4t;P1-d
Cc1t;(T1-P1)+(P1-d)
Tc3p;(T1+P1)-d
Cc2t;(T1-P1)+(P1-d)
Tc4p;T1+T1-d
Tc1t;T1-d
Cc3p;(T1-P1)-d
Tc2t;T1-d
Cc4p;(T1-d)-(T1-P1)
Cc1p;T1-d
Tc3t;T1-d
Cc2p;T1-P1
Tc4t;T1-d
Tc1p;T1-d
Cc3t;(T1-P1)+(P1-d)
Tc2p;T1-d
Cc4t;P1+(P1-d)
Tc4p;T1-d
Cc2t;(T1-P1)+(P1-d)
Tc3p;T1-P1
Cc1t;(T1-P1)+(P1-d)
Cc4p;T1-d
Tc2t;T1-d
Cc3p;(T1-d)-(T1-P1)
Tc1t;(T1-P1)-d
Tc4t;T1-d
Cc2p;(T1-d)-(T1-P1)
Tc3t;P1-d
Cc1p;(T1-d)-(T1-P1)
Cc4t;(T1-P1)+((T1-P1)-d)
Tc2p;
Cc3t;(T1-P1)+((T1-P1)-d)
Tc1p;
Cc4p;(T1-d)-(T1-P1)
Tc2t;T1-d
Cc3p;(T1-P1)-d
Tc1t;T1-d
Tc4p;T1-d
Cc2t;(T1-P1)+d
Tc3p;P1-d
Cc1t;(T1-P1)+(P1-d)
Cc4t;P1-d
Tc2p;T1-d
Cc3t;(T1-P1)+(P1-d)
Tc1p;T1-d
Tc4t;T1-d
Cc2p;T1-d
Tc3t;T1-d
Cc1p;P1+d
Tc1t;T1-d
Tc2p;T1-d
Tc3t;T1-d
Tc4p;T1-d
Cc1t;(T1-P1)+d
Cc2p;T1-d
Cc3t;(T1-P1)+(P1-d)
Cc4p;(T1-d)-(P1+d)
Tc1p;(T1+P1)-d
Tc2t;T1-d
Tc3p;
Tc4t;T1-d
Cc1p;T1-d
Cc2t;T1-d
Cc3p;T1-d
Cc4t;P1-d
Cc1t;(T1-P1)+(P1-d)
Cc2p;P1-d
Cc3t;(T1-P1)+((T1-P1)-d)
Cc4p;T1-d
Tc1t;T1-d
Tc2p;
Tc3t;
Tc4p;
Cc1p;T1-d
Cc2t;(T1-P1)+(P1-d)
Cc3p;(T1-d)-(T1-P1)
Cc4t;(T1-P1)+(P1-d)
Tc1p;T1-d
Tc2t;T1-d
Tc3p;T1-d
Tc4t;T1-(P1-d)
Cc4p;
Cc3t;(T1-P1)+(P1-d)
Cc2p;T1-d
Cc1t;(T1-P1)+(P1-d)
Tc4p;T1-d
Tc3t;P1+d
Tc2p;T1+d
Tc1t;T1+P1+d
Cc4t;(T1-P1)+((T1-P1)-d)
Cc3p;
Cc2t;(T1-P1)+(P1-d)
Cc1p;
Tc4t;T1-d
Tc3p;
Tc2t;(T1-P1)-d
Tc1p;T1-d
Tc4p;P1-d
Tc3t;(T1+P1)-d
Tc2p;T1-d
Tc1t;T1-d
Cc4p;(P1-d)+(T1-P1)
Cc3t;T1-P1
Cc2p;(T1-d)-d
Cc1t;(T1-P1)+(P1-d)
Tc4t;(T1+P1)-d
Tc3p;(T1+P1)-d
Tc2t;T1-d
Tc1p;
Cc4t;
Cc3p;T1-d
Cc2t;(T1-P1)+(P1-d)
Cc1p;(T1-d)-(T1-P1)
Tc1t;(T1xP1)-d
Cc3p;T1-d
Tc2t;(T1-P1)-d
Cc4p;T1-d
Cc1t;P1-d
Tc3p;
Cc2t;(T1-d)+P1
Tc4p;(T1+P1)-d
Tc1p;
Cc3t;(T1-P1)+(P1-d)
Tc2p;
Cc4t;(T1-P1)+(P1-d)
Cc1p;(T1-P1)-d
Tc3t;T1-d
Cc2p;(T1-d)-(T1-P1)
Tc4t;T1+(T1-d)
Cc1t;(T1-P1)+(P1-d)
Tc3p;
Cc2t;(T1-P1)+(P1-d)
Tc4p;T1-P1
Tc1t;T1-d
Cc3p;P1-d
Tc2t;T1-d
Cc4p;(T1-d)-P1
Cc1p;T1-d
Tc3t;(T1+P1)-d
Cc2p;T1-d
Tc4t;(T1+P1)+d-d
Tc1p;(T1+P1)+d-d
Cc3t;(T1-P1)+(P1-d)
Tc2p;T1-d
Cc4t;P1-d
Tc4p;T1-d
Cc2t;(T1-P1)+(P1-d)
Tc3p;T1-(T1-P1)
Cc1t;(T1-P1)+d
Cc4p;(T1-d)-(T1-P1)
Tc2t;(T1-P1)-d
Cc3p;T1-d
Tc1t;(T1-P1)+d
Tc4t;T1-d
Cc2p;T1-d
Tc3t;T1-d
Cc1p;(T1-d)-(T1-P1)
Cc4t;P1-d
Tc2p;(T1-d)-(T1-P1)
Cc3t;d+((T1-P1)-(P1-d))
Tc1p;(T1-d)-(T1-P1)
Cc4p;(T1-d)-(T1-P1)
Tc2t;T1-d
Cc3p;T1-d
Tc1t;(T1+P1)-d
Tc4p;(T1-P1)-d
Cc2t;
Tc3p;
Cc1t;
Cc4t;(T1-P1)+(P1-d)
Tc2p;(T1-P1)-d
Cc3t;(T1-P1)+(P1-d)
Tc1p;(T1-d)-(T1-P1)
Tc4t;(T1-P1)+(P1-d)
Cc2p;(T1-d)-(T1-P1)
Tc3t;(T1-P1)-d
Cc1p;(T1-d)-(T1-P1)
Tc1t;T1-d
Tc2p;(T1-d)-(T1-P1)
Tc3t;T1-d
Tc4p;(T1+P1)-d
Cc1t;T1-d
Cc2p;
Cc3t;(T1-P1)+(P1-d)
Cc4p;P1-d
Tc1p;T1-d
Tc2t;T1-d
Tc3p;(T1+P1)-d
Tc4t;(T1+P1)-d
Cc1p;T1-P1
Cc2t;T1-P1
Cc3p;T1-d
Cc4t;T1-P1
Cc1t;(P1-d)+P1
Cc2p;P1-d
Cc3t;T1-d
Cc4p;T1-d
Tc1t;T1-d
Tc2p;T1-d
Tc3t;T1-P1
Tc4p;T1-d
Cc1p;(T1-d)/2
Cc2t;(T1/2)+(P1-d)
Cc3p;(T1-d)/2
Cc4t;T1-d
Tc1p;T1-d
Tc2t;T1-d
Tc3p;T1-d
Tc4t;T1-d
Cc4p;T1-d
Cc3t;T1+P1+d
Cc2p;T1-P1
Cc1t;T1-d
Tc4p;P1-d
Tc3t;T1+P1
Tc2p;T1-d
Tc1t;(T1-P1)+d
Cc4t;
Cc3p;P1-d
Cc2t;(P1-d)+(P1-d)
Cc1p;T1-d
Tc4t;T1-d
Tc3p;P1+d-d
Tc2t;P1-d
Tc1p;T1-d
Tc4p;(T1-d)-P1
Tc3t;T1-d
Tc2p;(T1-d)-(T1-P1)
Tc1t;(T1-P1)+(P1-d)
Cc4p;(T1-d)-(T1-P1)
Cc3t;T1-d
Cc2p;P1-d
Cc1t;T1-d
Tc4t;(T1+P1)+d
Tc3p;P1-d
Tc2t;T1+((T1-P1)-d)
Tc1p;T1-d
Cc4t;(T1-P1)+(P1-d)
Cc3p;(T1-P1)-d
Cc2t;(T1-P1)+(P1-d)
Cc1p;(T1-P1)-d
Tc1t;(T1+P1)-d
Cc3p;T1-d
Tc2t;P1+d
Cc4p;P1-d
Cc1t;T1+(P1-d)
Tc3p;(T1+d)-d
Cc2t;(T1-P1)+(P1-d)
Tc4p;T1-d
Tc1p;T1-d
Cc3t;(T1-P1)+d
Tc2p;T1-d
Cc4t;T1+(P1-d)
Cc1p;(T1-P1)+d
Tc3t;T1-d
Cc2p;(T1-d)-(T1-P1)
Tc4t;T1-d
Cc1t;(T1-P1)+(P1-d)
Tc3p;T1-d
Cc2t;(P1xd)-T1
Tc4p;T1-P1
Tc1t;P1-d
Cc3p;(T1-d)-(T1-P1)
Tc2t;
Cc4p;
Cc1p;T1-d
Tc3t;T1-d
Cc2p;P1-d
Tc4t;
Tc1p;T1-d
Cc3t;T1-d
Tc2p;P1-d
Cc4t;T1-d
Tc4p;T1-d
Cc2t;(T1-P1)+d
Tc3p;(T1+P1)-d
Cc1t;(T1-P1)+((T1-P1)-d)
Cc4p;
Tc2t;T1-d
Cc3p;
Tc1t;P1-d
Tc4t;P1xd
Cc2p;P1-d
Tc3t;P1xd
Cc1p;P1-d
Cc4t;T1+P1-d
Tc2p;T1xd
Cc3t;T1xd
Tc1p;P1+d
Cc4p;T1-d
Tc2t;T1-d
Cc3p;T1-d
Tc1t;P1-d
Tc4p;T1-d
Cc2t;
Tc3p;T1-d
Cc1t;T1-P1-d
Cc4t;(T1-P1)+(P1-d)
Tc2p;T1-d
Cc3t;
Tc1p;
Tc4t;
Cc2p;
Tc3t;
Cc1p;
Tc1t;(T1-P1)+(P1-d)
Tc2p;T1-d
Tc3t;P1-d
Tc4p;T1-d
Cc1t;P1+(P1-d)
Cc2p;T1-P1
Cc3t;(T1-P1)+(P1-d)
Cc4p;(T1-d)-(T1-P1)
Tc1p;T1-P1
Tc2t;T1-d
Tc3p;
Tc4t;T1-d
Cc1p;T1-d
Cc2t;(T1-d)+d
Cc3p;T1-d
Cc4t;P1-d
Cc1t;P1-d
Cc2p;(T1-d)-(T1-P1)
Cc3t;(T1-P1)+(T1-P1)
Cc4p;P1-d
Tc1t;(T1+P1)-d
Tc2p;
Tc3t;
Tc4p;T1-d
Cc1p;(T1-d)-(T1-P1)
Cc2t;(T1-P1)+(P1-d)
Cc3p;(T1-d)-(T1-P1)
Cc4t;(T1-P1)+(P1-d)
Tc1p;(T1-P1)-d
Tc2t;(T1-P1)-d
Tc3p;(T1-P1)+d
Tc4t;T1-d
Cc4p;(T1-d)-(T1-P1)
Cc3t;(T1-P1)+(P1-d)
Cc2p;(T1-d)-(T1-P1)
Cc1t;(T1-P1)+(P1-d)
Tc4p;T1-d
Tc3t;T1-d
Tc2p;
Tc1t;(T1-P1)+(P1-d)
Cc4t;(T1-P1)+d
Cc3p;P1-d
Cc2t;
Cc1p;d/2
Tc4t;(T1+P1)+d
Tc3p;(T1+P1)+d
Tc2t;P1-d
Tc1p;T1-d
Tc4p;
Tc3t;T1-d
Tc2p;T1-d
Tc1t;T1-d
Cc4p;T1-d
Cc3t;T1-P1
Cc2p;T1-d
Cc1t;(T1-P1)+d
Tc4t;
Tc3p;T1-d
Tc2t;(T1-P1)-d
Tc1p;T1-d
Cc4t;
Cc3p;T1-d
Cc2t;(T1-P1)+(P1-d)
Cc1p;
Tc1t;P1+d
Cc3p;T1+d
Tc2t;P1+d
Cc4p;
Cc1t;(T1+d)xd
Tc3p;(T1+P1)-d
Cc2t;P1-d
Tc4p;T1-(T1-d)
Tc1p;
Cc3t;T1+P1
Tc2p;(T1+P1)-d
Cc4t;
Cc1p;
Tc3t;T1-d
Cc2p;
Tc4t;
Cc1t;(T1-P1)+d
Tc3p;
Cc2t;(T1-P1)+(P1-d)
Tc4p;
Tc1t;T1+d
Cc3p;T1-d
Tc2t;T1-d
Cc4p;(T1-d)-(T1-P1)
Cc1p;T1-d
Tc3t;(T1+d)-P1
Cc2p;
Tc4t;
Tc1p;
Cc3t;
Tc2p;
Cc4t;
Tc4p;T1-d
Cc2t;(T1-P1)+(P1-d)
Tc3p;
Cc1t;(T1-P1)+(P1-d)
Cc4p;(T1-d)-(T1-P1)
Tc2t;T1-d
Cc3p;(T1-d)-(T1-P1)
Tc1t;(T1-P1)+(P1-d)
Tc4t;T1-d
Cc2p;P1-d
Tc3t;T1-d
Cc1p;P1-d
Cc4t;T1-d
Tc2p;T1-d
Cc3t;T1+(P1-d)
Tc1p;T1-d
Cc4p;(T1-d)-(T1-P1)
Tc2t;(T1-P1)+d
Cc3p;T1-d
Tc1t;T1-d
Tc4p;(T1-d)-P1
Cc2t;(T1-P1)+(P1-d)
Tc3p;(T1+P1)-d
Cc1t;(T1-P1)+(P1-d)
Cc4t;(T1-P1)+(P1-d)
Tc2p;T1-d
Cc3t;(T1-P1)+(P1-d)
Tc1p;T1-d
Tc4t;(T1-P1)+(P1-d)
Cc2p;(T1-d)-(T1-P1)
Tc3t;(T1-P1)-(P1-d)
Cc1p;(T1-d)-(T1-P1)
Tc1t;T1-d
Tc2p;T1-d
Tc3t;T1-d
Tc4p;T1-d
Cc1t;(T1-P1)+(P1-d)
Cc2p;T1-d
Cc3t;(T1-P1)+d
Cc4p;(T1-d)-(T1-P1)
Tc1p;(T1+P1)-d
Tc2t;(T1+P1)-d
Tc3p;(T1+P1)-d
Tc4t;(T1+P1)+d
Cc1p;(T1+P1)-d
Cc2t;(T1+P1)-d
Cc3p;(T1+P1)+d
Cc4t;(T1+P1)-d
Cc1t;(T1-P1)+(P1-d)
Cc2p;P1-d
Cc3t;(T1-P1)+(P1-d)
Cc4p;
Tc1t;T1-d
Tc2p;T1-d
Tc3t;P1-d
Tc4p;
Cc1p;(T1-d)-(T1-P1)
Cc2t;(T1-P1)+(P1-d)
Cc3p;(T1-d)-(T1-P1)
Cc4t;(T1-P1)+(P1-d)
Tc1p;(T1-d)-P1
Tc2t;T1-d
Tc3p;(T1-d)-(T1-P1)
Tc4t;(T1-P1)+(P1-d)
Cc4p;(T1-d)/2
Cc3t;(T1-P1)+(P1-d)
Cc2p;P1-d
Cc1t;(T1-P1)-d+d
Tc4p;(T1-d)-(T1-P1)
Tc3t;(T1-P1)+(P1-d)
Tc2p;(T1-d)-(T1-P1)
Tc1t;(T1-P1)+(P1-d)
Cc4t;(T1-P1)+(P1-d)
Cc3p;T1-d
Cc2t;(T1-P1)+(P1-d)
Cc1p;(T1-d)-(T1-P1)
Tc4t;T1+(P1-d)
Tc3p;(T1-P1)-d
Tc2t;(T1-P1)+(P1-d)
Tc1p;(T1-d)-(T1-P1)
Tc4p;T1-d
Tc3t;T1-d
Tc2p;(T1-d)-(T1-P1)
Tc1t;T1-d
Cc4p;(T1-d)/2
Cc3t;(T1-P1)+(P1-d)
Cc2p;P1-d
Cc1t;(T1-P1)+(P1-d)
Tc4t;(T1+P1)+d
Tc3p;(T1-d)-(T1-P1)
Tc2t;P1-d
Tc1p;T1-d
Cc4t;(T1-P1)+(P1-d)
Cc3p;T1-d
Cc2t;(T1-P1)+(P1-d)
Cc1p;T1-d
Tc1t;T1-d
Cc3p;(T1-d)-(T1-P1)
Tc2t;T1-d
Cc4p;(T1-d)-(T1-P1)
Cc1t;(T1-P1)+(P1-d)
Tc3p;
Cc2t;(T1-P1)+(P1-d)
Tc4p;
Tc1p;P1+d
Cc3t;T1-d
Tc2p;T1-d
Cc4t;P1-d
Cc1p;T1-d
Tc3t;T1-d
Cc2p;(T1-P1)+(P1-d)
Tc4t;T1-d
Cc1t;(T1-P1)+(P1-d)
Tc3p;T1-d
Cc2t;(T1-P1)+(P1-d)
Tc4p;T1-d
Tc1t;P1+d
Cc3p;T1-d
Tc2t;T1-(P1-d)
Cc4p;P1-d
Cc1p;(T1-d)-(T1-P1)
Tc3t;T1-d
Cc2p;(T1-d)-(T1-P1)
Tc4t;T1+(P1-d)
Tc1p;T1-d
Cc3t;(T1-P1)+(P1-d)
Tc2p;(T1-d)-(T1-P1)
Cc4t;(T1-P1)+(P1-d)
Tc4p;T1+d
Cc2t;P1+(P1-d)
Tc3p;
Cc1t;(T1-P1)+(P1-d)
Cc4p;(T1-d)/2
Tc2t;(T1-P1)+(P1-d)
Cc3p;
Tc1t;T1-d
Tc4t;T1+(P1-d)
Cc2p;T1-d
Tc3t;T1-d
Cc1p;T1-P1
Cc4t;P1-d
Tc2p;
Cc3t;(T1-P1)+(P1-d)
Tc1p;T1-d
Cc4p;(T1-d)-(T1-P1)
Tc2t;T1-d
Cc3p;(T1-d)-(T1-P1)
Tc1t;(T1-P1)+(P1-d)
Tc4p;(T1-d)-(T1-P1)
Cc2t;(T1-P1)+(P1-d)
Tc3p;T1-d
Cc1t;P1+(P1-d)
Cc4t;P1+(P1-d)
Tc2p;(T1-P1)-d
Cc3t;(T1-P1)+(P1-d)
Tc1p;T1-d
Tc4t;T1-d
Cc2p;
Tc3t;
Cc1p;(T1-d)/2
Tc1t;
Tc2p;(T1-d)-(T1-P1)
Tc3t;T1-d
Tc4p;(T1-d)-(T1-P1)
Cc1t;(T1-P1)+(P1-d)
Cc2p;(T1-d)-(T1-P1)
Cc3t;(T1-P1)+(P1-d)
Cc4p;(T1-d)-(T1-P1)
Tc1p;T1-d
Tc2t;T1-d
Tc3p;
Tc4t;
Cc1p;(T1-P1)-d
Cc2t;(T1-P1)+(P1-d)
Cc3p;P1-d
Cc4t;(T1-P1)+(P1-d)
Cc1t;(T1-P1)+(P1-d)
Cc2p;(T1-d)-P1
Cc3t;(T1-P1)+(P1-d)
Cc4p;(P1-d)/2
Tc1t;T1-d
Tc2p;T1-d
Tc3t;T1-d
Tc4p;T1-d
Cc1p;T1-d
Cc2t;(T1-P1)+(P1-d)
Cc3p;P1-d
Cc4t;T1-(P1-d)
Tc1p;(T1+P1)-d
Tc2t;T1-d
Tc3p;
Tc4t;T1-d
Cc4p;T1-d
Cc3t;T1+((T1-P1)+(P1-d))+(P1-d)
Cc2p;(T1-P1)+((T1-P1)-d)
Cc1t;(T1-P1)+(P1-d)
Tc4p;(T1-d)-(T1-P1)
Tc3t;(T1-P1)-d
Tc2p;(T1-P1)-d
Tc1t;T1-d
Cc4t;P1+(P1-d)
Cc3p;(T1-P1)-d
Cc2t;(T1-P1)+d
Cc1p;T1-(P1-d)
Tc4t;T1-d
Tc3p;T1-d
Tc2t;T1-d
Tc1p;T1-d
Tc4p;T1-d
Tc3t;(T1+P1)-d
Tc2p;T1-d
Tc1t;T1+P1+d
Cc4p;T1-d
Cc3t;
Cc2p;
Cc1t;(T1-P1)+d
Tc4t;P1+d
Tc3p;P1+d
Tc2t;(T1-P1)+d
Tc1p;T1-d
Cc4t;P1-d
Cc3p;T1-d
Cc2t;
Cc1p;
Tc1t;
Cc3p;T1+P1
Tc2t;T1-d
Cc4p;
Cc1t;(T1-P1)+d
Tc3p;P1-d
Cc2t;T1-d
Tc4p;T1+P1
Tc1p;T1-d
Cc3t;(T1-P1)+(P1-d)
Tc2p;
Cc4t;
Cc1p;(T1-d)-(T1-P1)
Tc3t;
Cc2p;T1-d
Tc4t;T1+(P1-d)
Cc1t;(T1-P1)+(P1-d)
Tc3p;((T1+P1)+(T1+P1))-d
Cc2t;(T1-P1)+(P1-d)
Tc4p;(T1+P1)-d
Tc1t;T1+P1-d
Cc3p;P1-d
Tc2t;T1-d
Cc4p;(T1+P1)-d
Cc1p;T1-P1
Tc3t;T1-d
Cc2p;P1-d
Tc4t;T1-d
Tc1p;T1-d
Cc3t;T1+(P1-d)
Tc2p;T1-d
Cc4t;P1-d
Tc4p;(T1-d)-(T1-P1)
Cc2t;(T1-P1)+(P1-d)
Tc3p;(T1-d)-P1
Cc1t;(T1-P1)+(P1-d)
Cc4p;(T1-d)-(T1-P1)
Tc2t;(T1-P1)+(P1-d)
Cc3p;T1-d
Tc1t;P1+(P1-d)
Tc4t;(T1+P1)-d
Cc2p;(T1-P1)-d
Tc3t;(T1+P1)-d
Cc1p;(T1-d)-(T1-P1)
Cc4t;(T1-P1)+d
Tc2p;((T1+P1)-d)-P1
Cc3t;(T1-P1)+(P1-d)
Tc1p;(T1+P1)-d
Cc4p;
Tc2t;T1-d
Cc3p;(T1-d)-(T1-P1)
Tc1t;(T1-P1)+(P1-d)
Tc4p;
Cc2t;(T1-P1)+(P1-d)
Tc3p;P1-d
Cc1t;(T1-P1)+(P1-d)
Cc4t;P1-d
Tc2p;P1-d
Cc3t;T1+(P1-d)
Tc1p;(T1+P1)-d
Tc4t;T1-d
Cc2p;P1-d
Tc3t;T1-d
Cc1p;
Tc1t;T1-d
Tc2p;T1-d
Tc3t;T1-d
Tc4p;T1-d
Cc1t;P1+(P1-d)
Cc2p;(T1-P1)-d
Cc3t;P1+(P1-d)
Cc4p;T1-d
Tc1p;T1-d
Tc2t;T1-d
Tc3p;(T1-P1)+d
Tc4t;T1-d
Cc1p;(T1-P1)+(P1-d)
Cc2t;(T1-P1)+(P1-d)
Cc3p;T1-d
Cc4t;(T1-P1)+(P1-d)
Cc1t;(T1-P1)+(P1-d)
Cc2p;T1-d
Cc3t;(T1-P1)+(P1-d)
Cc4p;T1-d
Tc1t;T1-d
Tc2p;T1-d
Tc3t;T1-d
Tc4p;T1-d
Cc1p;(T1-d)-P1
Cc2t;(T1-P1)+(P1-d)
Cc3p;T1-d
Cc4t;T1-d
Tc1p;(T1x2)-d
Tc2t;(T1-P1)-d
Tc3p;T1-d
Tc4t;T1-d
Cc4p;
Cc3t;T1+P1+d
Cc2p;
Cc1t;T1-P1-d
Tc4p;T1-P1-d
Tc3t;T1-d
Tc2p;T1-P1
Tc1t;(T1-P1)-P1
Cc4t;T1-d
Cc3p;T1-d
Cc2t;(T1-P1)+(P1-d)
Cc1p;(T1-P1)-d
Tc4t;(T1+P1)-d
Tc3p;T1-d
Tc2t;T1-d
Tc1p;T1-d
Tc4p;(T1+P1)-d
Tc3t;T1-d
Tc2p;T1-d
Tc1t;T1-d
Cc4p;(T1-d)-(T1-P1)
Cc3t;(T1-P1)+(P1-d)
Cc2p;(T1-d)-(T1-P1)
Cc1t;(T1-P1)+(P1-d)
Tc4t;T1-d
Tc3p;T1-d
Tc2t;T1-d
Tc1p;T1-d
Cc4t;(T1-P1)+(P1-d)
Cc3p;(T1-d)+(P1-d)
Cc2t;(T1-P1)+(P1-d)
Cc1p;(T1-d)-(T1-P1)
Tc1t;T1+d
Cc3p;(T1-d)-(T1-P1)
Tc2t;(T1-P1)+d
Cc4p;(T1-d)-(T1-P1)
Cc1t;(T1-P1)+(P1-d)
Tc3p;(T1-d)-P1
Cc2t;(T1-P1)+((T1-P1)-d)
Tc4p;(T1-d)-P1
Tc1p;(T1-d)-(T1-P1)
Cc3t;
Tc2p;T1-d
Cc4t;P1-d
Cc1p;(T1-d)-(T1-P1)
Tc3t;(P1+P1)-d
Cc2p;(T1-d)-(T1-P1)
Tc4t;(T1+T1)-d
Cc1t;(T1-P1)+(P1-d)
Tc3p;P1+d
Cc2t;(T1-P1)+(P1-d)
Tc4p;P1-d
Tc1t;
Cc3p;T1-d
Tc2t;T1-d
Cc4p;T1-d
Tc1t;T1-d
Tc2p;T1-d
Tc3t;P1+((T1-P1)-d)
Tc4p;T1-d
Cc1t;(T1-P1)+(P1-d)
Cc2p;(T1-d)-(T1-P1)
Cc3t;(T1-P1)+(P1-d)
Cc4p;(P1-d)+(T1-P1)
Tc1p;T1-d
Tc2t;T1-d
Tc3p;P1+((T1-P1)-d)
Tc4t;(T1-P1)+(P1-d)
Cc1p;(T1-d)-(T1-P1)
Cc2t;(T1-P1)+(P1-d)
Cc3p;(T1-d)-(T1-P1)
Cc4t;(T1-P1)+(P1-d)
Cc1t;(T1-P1)+(P1-d)
Cc2p;(T1-d)-(T1-P1)
Cc3t;(T1-P1)+(P1-d)
Cc4p;(T1-d)-(T1-P1)
Tc1t;T1-d
Tc2p;T1-d
Tc3t;P1-d
Tc4p;T1-d
Cc1p;(T1-P1)-d
Cc2t;(T1-P1)+(P1-d)
Cc3p;(T1-P1)-d
Cc4t;P1-d
Tc1p;
Tc2t;T1-d
Tc3p;(T1+d)-d
Tc4t;T1-d
Cc4p;P1-d
Cc3t;(T1-P1)+(P1-d)
Cc2p;
Cc1t;T1-(P1-d)
Tc4p;T1-d
Tc3t;T1-d
Tc2p;(T1+P1)x2
Tc1t;T1-d
Cc4t;(T1-P1)+(P1-d)
Cc3p;T1-d
Cc2t;(T1-P1)+(P1-d)
Cc1p;(T1-P1)-d
Tc4t;(T1-P1)+(P1-d)
Tc3p;(T1-d)-(T1-P1)
Tc2t;
Tc1p;
Tc4p;(T1+P1)-d
Tc3t;(T1+P1)-d
Tc2p;T1-d
Tc1t;T1-d
Cc4p;T1-d
Cc3t;
Cc2p;(T1-d)-(T1-P1)
Cc1t;(T1-P1)+(P1-d)
Tc4t;
Tc3p;P1+d
Tc2t;(T1-P1)-d
Tc1p;((T1+P1)-d)-(T1-P1)
Cc4t;P1-d
Cc3p;(T1-P1)-d
Cc2t;T1-d
Cc1p;(T1-P1)-d
Tc1t;(T1-P1)+(P1-d)
Cc3p;(T1-d)-P1
Tc2t;(T1-P1)+(P1-d)
Cc4p;(T1-d)-(T1-P1)
Cc1t;(T1-P1)+(P1-d)
Tc3p;(T1-d)-(T1-P1)
Cc2t;(T1-P1)+(P1-d)
Tc4p;(T1-d)-(T1-P1)
Tc1p;T1-d
Cc3t;(T1-P1)+(P1-d)
Tc2p;T1-d
Cc4t;(T1-P1)+(P1-d)
Cc1p;(T1-d)-(T1-P1)
Tc3t;T1-d
Cc2p;(T1-d)-(T1-P1)
Tc4t;(T1+T1)-d
Cc1t;(T1-P1)+(P1-d)
Tc3p;(P1+d)-d
Cc2t;(T1-P1)+(P1-d)
Tc4p;(T1-d)-P1
Tc1t;P1+d
Cc3p;T1-d
Tc2t;T1-d
Cc4p;(T1-d)-(T1-P1)
Cc1p;
Tc3t;T1-d
Cc2p;T1-d
Tc4t;(T1-P1)+(P1-d)
Tc1p;
Cc3t;
Tc2p;
Cc4t;
Tc4p;T1-d
Cc2t;(T1-P1)+(P1-d)
Tc3p;T1-d
Cc1t;(T1-P1)+(P1-d)
Cc4p;(T1-P1)-d
Tc2t;T1-d
Cc3p;T1-d
Tc1t;T1-d
Tc4t;T1+(P1-d)
Cc2p;T1-d
Tc3t;T1-d
Cc1p;(T1-d)-(T1-P1)
Cc4t;(T1-P1)+(P1-d)
Tc2p;(T1-d)-(T1-P1)
Cc3t;(T1-P1)+(P1-d)
Tc1p;T1-d
Cc4p;(T1-d)-(T1/2)
Tc2t;(T1-P1)+(P1-d)
Cc3p;(T1-d)-(T1-P1)
Tc1t;T1-d
Tc4p;(T1-P1)-d
Cc2t;(T1-P1)+(P1-d)
Tc3p;
Cc1t;(T1-P1)+(P1-d)
Cc4t;T1-d
Tc2p;T1-d
Cc3t;(T1-P1)+d
Tc1p;T1-d
Tc4t;T1-d
Cc2p;T1-d
Tc3t;T1-d
Cc1p;(T1-P1)-d
Tc1t;T1-d
Tc2p;T1-d
Tc3t;(T1-P1)-d
Tc4p;T1-d
Cc1t;(T1-P1)+d
Cc2p;(T1-P1)-d
Cc3t;(T1-P1)+(P1-d)
Cc4p;T1-d
Tc1p;(T1+P1)-d
Tc2t;T1-d
Tc3p;(T1+P1)+d-d
Tc4t;(T1+P1)-d
Cc1p;T1-d
Cc2t;T1-P1
Cc3p;T1-d
Cc4t;P1-d
Cc1t;(T1-P1)+(P1-d)
Cc2p;(T1-d)-(T1-P1)
Cc3t;(T1-P1)+(P1-d)
Cc4p;(T1-d)-(T1-P1)
Tc1t;(T1-P1)+(P1-d)
Tc2p;P1-d
Tc3t;T1-d
Tc4p;P1-d
Cc1p;T1-d
Cc2t;T1-d
Cc3p;T1-d
Cc4t;P1-d
Tc1p;T1-d
Tc2t;T1+d
Tc3p;T1-d
Tc4t;T1-d
Cc4p;(T1-d)-(T1-P1)
Cc3t;(T1-P1)+(P1-d)
Cc2p;(T1-d)-(T1-P1)
Cc1t;(T1-P1)+(P1-d)
Tc4p;(T1-d)-(T1-P1)
Tc3t;(T1-P1)+(P1-d)
Tc2p;(T1-d)-(T1-P1)
Tc1t;T1-d
Cc4t;T1+d
Cc3p;(T1-d)-(T1-P1)
Cc2t;T1-d
Cc1p;
Tc4t;T1+d
Tc3p;T1-d
Tc2t;T1-d
Tc1p;T1-d
Tc4p;(T1-d)-P1
Tc3t;T1-d
Tc2p;(T1-d)-(T1-P1)
Tc1t;T1-d
Cc4p;(T1-d)-(T1-P1)
Cc3t;(T1-P1)+(P1-d)
Cc2p;(T1-d)-(T1-P1)
Cc1t;(T1-P1)+(P1-d)
Tc4t;(T1-P1)+(P1-d)
Tc3p;(T1-d)-P1
Tc2t;(T1-P1)+(P1-d)
Tc1p;(T1-d)-(T1-P1)
Cc4t;(T1-P1)+(P1-d)
Cc3p;P1-d
Cc2t;(T1-P1)+(P1-d)
Cc1p;(T1-d)-(T1-P1)
Tc1t;(T1-P1)+d
Cc3p;T1-(T1-P1)
Tc2t;(T1-P1)+(P1-d)
Cc4p;(T1-d)-(T1-P1)
Cc1t;(T1-P1)+(P1-d)
Tc3p;T1-d
Cc2t;(T1-P1)+(P1-d)
Tc4p;(T1-d)-(T1-P1)
Tc1p;(T1-d)-(T1-P1)
Cc3t;(T1-P1)+(P1-d)
Tc2p;(T1-d)-(T1-P1)
Cc4t;(T1-P1)+(P1-d)
Cc1p;(T1-d)-(T1-P1)
Tc3t;T1-d
Cc2p;(T1-d)-(T1-P1)
Tc4t;
Cc1t;P1xd
Tc3p;(T1+P1)-d
Cc2t;T1-(P1-d)
Tc4p;T1+P1
Tc1t;(T1+P1)-d
Cc3p;(T1+P1)-d
Tc2t;T1-d
Cc4p;T1-d
Cc1p;(T1-P1)-d
Tc3t;T1/d
Cc2p;P1/d
Tc4t;T1-(P1-d)
Tc1p;T1-d
Cc3t;(T1-P1)+(P1-d)
Tc2p;T1-d
Cc4t;(T1-P1)+(P1-d)
Tc4p;T1-d
Cc2t;P1+d
Tc3p;P1-d
Cc1t;T1-d
Cc4p;(T1+P1)-d
Tc2t;(T1+P1)-d
Cc3p;T1-P1
Tc1t;T1-d
Tc4t;(T1-d)+(T1-P1)
Cc2p;T1-d
Tc3t;T1-d
Cc1p;T1-d
Cc4t;P1-d
Tc2p;T1-d
Cc3t;T1-d
Tc1p;T1-d
Cc4p;
Tc2t;T1+d
Cc3p;T1-d
Tc1t;T1-d
Tc4p;T1-d
Cc2t;(T1-(P1-d))-d
Tc3p;P1-d
Cc1t;(T1-P1)+(P1-d)
Cc4t;(T1-P1)+(P1-d)
Tc2p;(T1-d)-(T1-P1)
Cc3t;(T1-P1)+(P1-d)
Tc1p;(T1-d)-(T1-P1)
Tc4t;(T1-P1)+(P1-d)
Cc2p;(T1-d)-(T1-P1)
Tc3t;P1+((T1-P1)-d)
Cc1p;(T1-d)-(T1-P1)
Tc1t;T1-d
Tc2p;T1-d
Tc3t;T1-d
Tc4p;T1-d
Cc1t;(T1-P1)+d
Cc2p;T1-d
Cc3t;(T1-P1)+(P1-d)
Cc4p;T1-d
Tc1p;P1-d
Tc2t;T1-d
Tc3p;T1-d
Tc4t;(T1-P1)+(P1-d)
Cc1p;(T1-d)-(T1-P1)
Cc2t;(T1-P1)+(P1-d)
Cc3p;(T1-d)-(T1-P1)
Cc4t;(T1-P1)+(P1-d)
Cc1t;(T1-P1)+(P1-d)
Cc2p;T1-d
Cc3t;(T1-P1)+(P1-d)
Cc4p;(T1-d)-P1
Tc1t;T1-d
Tc2p;
Tc3t;(T1+d)-d
Tc4p;T1-d
Cc1p;(T1-P1)-d
Cc2t;(T1-P1)+(P1-d)
Cc3p;T1-d
Cc4t;(T1-P1)+(P1-d)
Tc1p;P1-d
Tc2t;T1-d
Tc3p;T1-d
Tc4t;(T1-P1)+(P1-d)
Cc4p;(T1-d)-(T1-P1)
Cc3t;(T1-P1)+(P1-d)
Cc2p;(T1-d)-(T1-P1)
Cc1t;(T1-P1)+(P1-d)
Tc4p;(T1-d)-(T1-P1)
Tc3t;(T1-P1)+(P1-d)
Tc2p;(T1-d)-(T1-P1)
Tc1t;(T1-P1)+(P1-d)
Cc4t;(T1-P1)+(P1-d)
Cc3p;T1-d
Cc2t;(T1-P1)+(P1-d)
Cc1p;(T1-P1)-d
Tc4t;T1-d
Tc3p;T1-d
Tc2t;(T1-P1)+(P1-d)
Tc1p;T1-d
Tc4p;(T1-d)-d
Tc3t;P1-d
Tc2p;T1-(P1+d)
Tc1t;P1-d
Cc4p;(T1-P1)-d
Cc3t;(T1-d)+(T1-P1)
Cc2p;(T1-P1)-d
Cc1t;(T1-P1)+(P1-d)
Tc4t;
Tc3p;(T1-d)-P1
Tc2t;T1-d
Tc1p;(T1-d)-P1
Cc4t;T1-d
Cc3p;T1-d
Cc2t;(T1-P1)+(P1-d)
Cc1p;(T1-d)-(T1-P1)
Tc1t;(T1+P1)-d
Cc3p;T1-d
Tc2t;(T1+P1)-d
Cc4p;P1-((T1-d)-(T1-P1))
Cc1t;(T1-P1)+(P1-d)
Tc3p;(T1+P1)-d
Cc2t;(T1-P1)+d
Tc4p;(T1+P1)-d
Tc1p;(T1+P1)-d
Cc3t;(T1-P1)+(P1-d)
Tc2p;(T1-P1)-d
Cc4t;(T1-P1)+d
Cc1p;(T1-P1)-d
Tc3t;P1-d
Cc2p;(T1-P1)-d
Tc4t;T1-d
Cc1t;(T1-P1)+(P1-d)
Tc3p;
Cc2t;(T1-P1)+d
Tc4p;(T1+P1)-d
Tc1t;
Cc3p;T1-P1
Tc2t;(T1-P1)-d
Cc4p;
Cc1p;T1-d
Tc3t;P1+d
Cc2p;(T1+P1)-d
Tc4t;T1+d
Tc1p;P1+d
Cc3t;P1+d
Tc2p;(T1-P1)+d
Cc4t;
Tc4p;(T1-d)-d
Cc2t;(T1-P1)+(P1-d)
Tc3p;(T1-d)-(T1-P1)
Cc1t;(T1-P1)+(P1-d)
Cc4p;(T1-d)-(T1-P1)
Tc2t;(T1-P1)+(P1-d)
Cc3p;(T1-d)-(T1-P1)
Tc1t;(T1-P1)+(P1-d)
Tc4t;T1+(T1-d)
Cc2p;(T1-d)-P1
Tc3t;P1-d
Cc1p;(T1-d)-(T1-P1)
Cc4t;(T1-P1)+(P1-d)
Tc2p;T1-d
Cc3t;(T1-P1)+(P1-d)
Tc1p;T1-P1
Cc4p;(T1-d)-(T1-P1)
Tc2t;T1-d
Cc3p;(T1-d)/2
Tc1t;T1-d
Tc4p;T1-d
Cc2t;(T1-P1)+(P1-d)
Tc3p;T1-d
Cc1t;P1+(P1-d)
Cc4t;(T1-P1)+(P1-d)
tc2p;(T1-d)-(T1-P1) et P1-d
Cc3t;(T1-P1)+(P1-d)
Tc1p;T1-d
Tc4t;(T1-P1)+(P1-d)
Cc2p;(T1-d)-(T1-P1)
Tc3t;P1-d
Cc1p;(T1-d)-(T1-P1)
Tc1t;T1-d
Tc2p;
Tc3t;T1-d
Tc4p;P1-d
Cc1t;(T1-P1)+(P1-d)
Cc2p;(T1-d)-(T1-P1)
Cc3t;(T1-P1)+(P1-d)
Cc4p;T1-d
Tc1p;T1-d
Tc2t;T1-d
Tc3p;P1
Tc4t;P1-d
Cc1p;T1-d
Cc2t;(T1-P1)+(P1-d)
Cc3p;T1-d
Cc4t;P1-d
Cc1t;(T1-P1)+d
Cc2p;(T1-P1)-d
Cc3t;(T1-P1)+(P1-d)
Cc4p;(T1-d)-(T1-P1)
Tc1t;P1+d
Tc2p;T1-d
Tc3t;P1-d
Tc4p;T1-d
Cc1p;(T1-d)-(T1-P1)
Cc2t;(T1-P1)+(P1-d)
Cc3p;(T1-d)-(T1-P1)
Cc4t;(T1-P1)+(P1-d)
Tc1p;
Tc2t;(T1-P1)-d
Tc3p;(P1+d)-d
Tc4t;T1+(P1-d)
Cc4p;(T1-P1)-d
Cc3t;T1-d
Cc2p;
Cc1t;
Tc4p;
Tc3t;T1-d
Tc2p;T1-d
Tc1t;T1-d
Cc4t;(T1-P1)+(P1-d)
Cc3p;T1-d
Cc2t;(T1-P1)+d
Cc1p;T1-d
Tc4t;T1+(P1-d)
Tc3p;P1-d
Tc2t;T1-d
Tc1p;T1-d
Tc4p;(T1+P1)-d
Tc3t;(T1+P1)-d
Tc2p;(T1+P1)-d
Tc1t;T1-d
Cc4p;
Cc3t;T1+(P1-d)
Cc2p;(T1-P1)-d
Cc1t;(T1-P1)+(P1-d)
Tc4t;(T1+P1)+d
Tc3p;
Tc2t;T1+d
Tc1p;(T1+P1)+d
Cc4t;P1+d
Cc3p;
Cc2t;(T1-P1)+d
Cc1p;
Tc1t;(T1+T1)+d
Cc3p;T1-d
Tc2t;P1-d
Cc4p;P1-d
Cc1t;(T1-P1)+(P1-d)
Tc3p;
Cc2t;(T1-P1)+d
Tc4p;(T1-P1)+(T1-P1)
Tc1p;P1-d
Cc3t;
Tc2p;T1-d
Cc4t;P1-d
Cc1p;P1-d
Tc3t;T1-d
Cc2p;T1-d
Tc4t;T1-d
Cc1t;
Tc3p;
Cc2t;(T1-P1)+(P1-d)
Tc4p;T1-d
Tc1t;T1+d
Cc3p;(T1-d)-(T1-P1)
Tc2t;T1-d
Cc4p;(T1-d)-(T1-P1)
Cc1p;(T1-d)-(T1-P1)
Tc3t;T1+d
Cc2p;(T1-d)-(T1-P1)
Tc4t;(T1+P1)-d
Tc1p;(T1+P1)-d
Cc3t;(T1-P1)+(P1-d)
Tc2p;(T1-d)-(T1-P1)
Cc4t;P1-d
Tc4p;T1+d
Cc2t;(T1-P1)+(P1-d)
Tc3p;
Cc1t;(T1-P1)+(P1-d)
Cc4p;T1-d
Tc2t;
Cc3p;(T1-d)-(T1-P1)
Tc1t;
Tc4t;
Cc2p;
Tc3t;
Cc1p;
Cc4t;
Tc2p;
Cc3t;
Tc1p;(T1+P1)-d
Cc4p;(T1-d)-(T1-P1)
Tc2t;(T1-P1)+(P1-d)
Cc3p;(T1-d)-(T1-P1)
Tc1t;(T1-P1)+(P1-d)
Tc4p;(T1-d)-(T1-P1)
Cc2t;(T1-P1)+(P1-d)
Tc3p;T1-d
Cc1t;(T1-P1)+(P1-d)
Cc4t;P1-d
Tc2p;T1-d
Cc3t;(T1-P1)+((T1-P1)-d)
Tc1p;(T1-d)+d
Tc4t;T1-d
Cc2p;(T1-d)-(T1-P1)
Tc3t;P1-d
Cc1p;(T1-P1)-d
Tc1t;T1-d
Tc2p;T1-d
Tc3t;T1-d
Tc4p;P1-d
Cc1t;(T1-P1)+(P1-d)
Cc2p;T1-P1
Cc3t;T1-d
Cc4p;
Tc1p;(T1+P1)-d
Tc2t;T1-d
Tc3p;T1-d
Tc4t;T1-d
Cc1p;(T1-P1)+d
Cc2t;(T1-P1)+(P1-d)
Cc3p;(T1-P1)-d
Cc4t;(T1-d)+(P1-d)
Cc1t;T1+P1+d
Cc2p;T1+P1+d
Cc3t;T1+P1+d
Cc4p;T1+P1+d
Tc1t;T1+P1+d
Tc2p;T1+P1+d
Tc3t;T1+P1+d
Tc4p;T1+P1+d
Cc1p;T1-d
Cc2t;
Cc3p;T1-d
Cc4t;
Tc1p;T1+T1
Tc2t;T1-d
Tc3p;
Tc4t;(T1+T1)-d
Cc4p;
Cc3t;
Cc2p;(T1-P1)-d
Cc1t;(T1-P1)+(P1-d)
Tc4p;P1-d
Tc3t;
Tc2p;T1-d
Tc1t;
Cc4t;(T1-P1)+(P1-d)
Cc3p;(T1-d)-(T1-P1)
Cc2t;(T1-P1)+(P1-d)
Cc1p;(T1-d)-(T1-P1)
Tc4t;(T1-P1)+(P1-d)
Tc3p;P1-d
Tc2t;T1-(P1-d)
Tc1p;(T1-d)-(T1-P1)
Tc4p;T1-d
Tc3t;(T1+P1)+d-d
Tc2p;T1-d
Tc1t;P1+d
Cc4p;(T1-d)-(T1-P1)
Cc3t;(T1-P1)+(P1-d)
Cc2p;T1-d
Cc1t;(T1-P1)+(P1-d)
Tc4t;T1-d
Tc3p;P1+d
Tc2t;T1-d
Tc1p;T1-d
Cc4t;(T1-P1)+(P1-d)
Cc3p;(T1-d)-(T1-P1)
Cc2t;(T1-P1)+(P1-d)
Cc1p;(T1-d)-(T1-P1)
Tc1t;(T1+P1)-d
Cc3p;(T1-P1)-d
Tc2t;(T1-P1)-d
Cc4p;(T1-d)-(T1-P1)
Cc1t;(T1-P1)+(P1-d)
Tc3p;T1-d
Cc2t;(T1-P1)+(P1-d)
Tc4p;T1+d-d
Tc1p;(P1+P1)-d
Cc3t;T1+P1+d
Tc2p;(T1+P1)-d
Cc4t;P1+d
Cc1p;
Tc3t;P1-d
Cc2p;
Tc4t;P1-d
Cc1t;
Tc3p;(T1+P1)+(T1-P1)
Cc2t;(T1-P1)+(P1-d)
Tc4p;(T1+P1)-d
Tc1t;
Cc3p;(T1-P1)-d
Tc2t;
Cc4p;
Cc1p;(T1-d)-(T1-P1)
Tc3t;T1-d
Cc2p;(T1-d)-(T1-P1)
Tc4t;(T1+P1)-d
Tc1p;T1+d
Cc3t;(T1-P1)+(P1-d)
Tc2p;T1-d
Cc4t;(T1-P1)+(P1-d)
Tc4p;
Cc2t;(T1-P1)+(P1-d)
Tc3p;
Cc1t;(T1-P1)+(P1-d)
Cc4p;(T1-d)-(T1-P1)
Tc2t;T1-d
Cc3p;
Tc1t;(T1-P1)+(P1-d)
Tc4t;(T1-d)+P1
Cc2p;T1-d
Tc3t;
Cc1p;(T1-P1)+(P1-d)
Cc4t;(T1-P1)+(P1-d)
Tc2p;(T1-P1)+(P1-d)
Cc3t;(T1-P1)+(P1-d)
Tc1p;T1-d
Cc4p;T1-d
Tc2t;T1-d
Cc3p;(T1-P1)-d
Tc1t;T1-d
Tc4p;T1-P1
Cc2t;(T1-P1)+(P1-d)
Tc3p;T1-d
Cc1t;(T1-P1)+(P1-d)
Cc4t;T1-d
Tc2p;T1-d
Cc3t;T1-d
Tc1p;T1-d
Tc4t;T1-d
Cc2p;T1-d
Tc3t;T1-d
Cc1p;T1-d
Tc1t;T1-d
Tc2p;
Tc3t;
Tc4p;(T1+P1)-d
Cc1t;(T1-P1)+d
Cc2p;T1-P1
Cc3t;
Cc4p;
Tc1p;(T1+d)-d
Tc2t;(T1-P1)-d
Tc3p;T1-d
Tc4t;T1-d
Cc1p;T1-d
Cc2t;(T1-P1)+(P1-d)
Cc3p;(T1-d)-(T1-P1)
Cc4t;T1-d
Cc1t;(T1-P1)+(P1-d)
Cc2p;T1-d
Cc3t;(T1-P1)+(P1-d)
Cc4p;T1-d
Tc1t;T1-d
Tc2p;(T1-d)-(T1-P1)
Tc3t;T1-d
Tc4p;(T1-d)-P1
Cc1p;T1-d
Cc2t;T1-d
Cc3p;(T1-d)-(T1-P1)
Cc4t;(T1-P1)+(P1-d)
Tc1p;(T1-d)-(T1-P1)
Tc2t;(T1-P1)+d
Tc3p;(T1-d)-(T1-P1)
Tc4t;(T1-P1)+(P1-d)
Cc4p;T1-P1
Cc3t;T1-P1
Cc2p;T1-d
Cc1t;(T1-P1)+(P1-d)
Tc4p;T1-d
Tc3t;T1-d
Tc2p;(T1-P1)-d
Tc1t;T1-d
Cc4t;(T1-P1)+(P1-d)
Cc3p;(T1-d)-(T1-P1)
Cc2t;(T1-P1)+(P1-d)
Cc1p;(T1-d)-(T1-P1)
Tc4t;T1+(P1-d)
Tc3p;
Tc2t;
Tc1p;(T1-d)-P1
Tc4p;(T1-d)-(T1-P1)
Tc3t;T1-d
Tc2p;P1-d
Tc1t;T1-d
Cc4p;
Cc3t;(T1-P1)+(P1-d)
Cc2p;(T1-P1)+(P1-d)
Cc1t;(T1-P1)+(P1-d)
Tc4t;(T1-P1)+(P1-d)
Tc3p;(T1-((T1-P1)-d))-d
Tc2t;(T1-P1)+(P1-d)
Tc1p;(T1-d)-(T1-P1)
Cc4t;(T1-P1)+(P1-d)
Cc3p;(T1-d)-(T1-P1)
Cc2t;((T1-P1)-d)+(P1-d)
Cc1p;
Tc1t;(T1+P1)+d
Cc3p;(T1-d)-(T1-P1)
Tc2t;T1+(P1-d)
Cc4p;(T1-d)-(T1-P1)
Cc1t;(T1-P1)+(P1-d)
Tc3p;
Cc2t;(T1-P1)+(P1-d)
Tc4p;(T1+P1)-d
Tc1p;(T1-P1)-d
Cc3t;(T1-P1)+(P1-d)
Tc2p;(T1-d)-(T1-P1)
Cc4t;(T1-P1)+(P1-d)
Cc1p;(T1-d)-(T1-P1)
Tc3t;T1-d
Cc2p;(T1-d)-(T1-P1)
Tc4t;(T1-P1)+(P1-d)
Cc1t;
Tc3p;(T1-d)-(T1-P1)
Cc2t;(T1-P1)+(P1-d)
Tc4p;T1-d
Tc1t;(T1-P1)+(P1-d)
Cc3p;T1-d
Tc2t;T1-d
Cc4p;(T1-d)-(T1-P1)
Cc1p;T1-P1-d
Tc3t;T1+P1+d
Cc2p;P1-d-T1
Tc4t;d-P1-T1
Tc1p;T1+P1+d
Cc3t;T1+P1+d
Tc2p;T1+P1+d
Cc4t;T1+P1+d
Tc4p;(T1-d)-P1
Cc2t;(T1-P1)+(P1-d)
Tc3p;P1+d
Cc1t;(T1-P1)+(P1-d)
Cc4p;
Tc2t;T1-d
Cc3p;(T1-d)-(T1-P1)
Tc1t;(T1-P1)+(P1-d)
Tc4t;(T1+P1)-d
Cc2p;T1-d
Tc3t;P1-d
Cc1p;T1-d
Cc4t;P1-d
Tc2p;(T1-d)-(T1-P1)
Cc3t;(T1-P1)+(P1-d)
Tc1p;(T1-d)-P1
Cc4p;(T1-d)-(T1-P1)
Tc2t;
Cc3p;(T1-d)-(T1-P1)
Tc1t;T1-d
Tc4p;T1-d
Cc2t;(T1-P1)+(P1-d)
Tc3p;(T1+P1)-d
Cc1t;(T1-P1)+(P1-d)
Cc4t;(T1-P1)+(P1-d)
Tc2p;T1-d
Cc3t;(T1-P1)+(P1-d)
Tc1p;(T1-d)-(T1-P1)
Tc4t;(T1-P1)+(P1-d)
Cc2p;(T1-d)-(T1-P1)
Tc3t;T1-d
Cc1p;(T1-d)-(T1-P1)
Tc1t;(T1-P1)-d
Tc2p;(T1-P1)-d
Tc3t;(T1-P1)-d
Tc4p;T1-d
Cc1t;(T1-P1)+(P1-d)
Cc2p;(T1-P1)-((T1-P1)-d)
Cc3t;
Cc4p;(T1-P1)-d
Tc1p;T1-d
Tc2t;T1-d
Tc3p;T1-d
Tc4t;T1-d
Cc1p;T1-P1
Cc2t;(T1-P1)+((T1-P1)-d)
Cc3p;T1-P1-d
Cc4t;(T1-P1)-d
Cc1t;T1-P1
Cc2p;(T1-d)-(T1-P1)
Cc3t;(T1-P1)+(P1-d)
Cc4p;(T1-d)-(T1-P1)
Tc1t;(T1-P1)+(P1-d)
Tc2p;(T1-d)-(T1-P1)
Tc3t;T1-d
Tc4p;(T1-d)-P1
Cc1p;T1-d
Cc2t;
Cc3p;
Cc4t;P1+(P1-d)
Tc1p;
Tc2t;
Tc3p;
Tc4t;
Cc4p;(T1-d)-P1
Cc3t;(T1-d)+(T1-P1)
Cc2p;(T1-d)-(T1-P1)
Cc1t;(T1-P1)+(P1-d)
Tc4p;(T1-P1)+d
Tc3t;(T1-P1)-d
Tc2p;T1-d
Tc1t;(T1-P1)+d
Cc4t;P1-d
Cc3p;(T1-d)-(T1-P1)
Cc2t;(T1-P1)+(P1-d)
Cc1p;(T1-d)-(T1-P1)
Tc4t;T1-d
Tc3p;(T1-d)-P1
Tc2t;T1-d
Tc1p;T1+d
Tc4p;(T1+P1)-(T1-d)
Tc3t;(T1+P1)-d
Tc2p;T1-P1
Tc1t;T1-d
Cc4p;T1-d
Cc3t;(T1-P1)+(P1-d)
Cc2p;(T1-d)-(T1-P1)
Cc1t;(T1-P1)+(P1-d)
Tc4t;(T1-P1)+(P1-d)
Tc3p;T1-d
Tc2t;(T1-P1)+(P1-d)
Tc1p;(T1-d)-(T1-P1)
Cc4t;(T1-P1)+(P1-d)
Cc3p;(T1-d)-(T1-P1)
Cc2t;(T1-P1)+(P1-d)
Cc1p;(T1-d)-(T1-P1)
Tc1t;(T1-d)-P1
Cc3p;(T1-d)-(T1-P1)
Tc2t;(T1-P1)+(P1-d)
Cc4p;(T1-d)-(T1-P1)
Cc1t;(T1-P1)+(P1-d)
Tc3p;(T1-d)-(T1-P1)
Cc2t;(T1-P1)+(P1-d)
Tc4p;T1-d
Tc1p;T1+P1
Cc3t;(T1-P1)+d
Tc2p;T1-P1
Cc4t;P1-d
Cc1p;P1-d
Tc3t;(P1+P1)-d
Cc2p;T1-P1
Tc4t;T1+P1
Cc1t;P1+(P1-d)
Tc3p;T1-d
Cc2t;(T1-P1)-d)+P1
Tc4p;(T1-d)-P1
Tc1t;(T1-P1)+(P1-d)
Cc3p;(T1-d)-(T1-P1)
Tc2t;(T1-P1)+(P1-d)
Cc4p;(T1-d)-(T1-P1)
Cc1p;(T1-d)-(T1-P1)
Tc3t;T1-d
Cc2p;T1-d
Tc4t;T1-d
Tc1p;T1-d
Cc3t;T1-d
Tc2p;T1-d
Cc4t;P1-d
Tc4p;T1-d
Cc2t;(T1-P1)+(P1-d)
Tc3p;T1-d
Cc1t;(T1-P1)+(P1-d)
Cc4p;(T1-d)-(T1-P1)
Tc2t;(T1-P1)+(P1-d)
Cc3p;(T1-d)-(T1-P1)
Tc1t;T1-d
Tc4t;T1-d
Cc2p;(T1-d)-(T1-P1)
Tc3t;T1-d
Cc1p;(T1-d)-(T1-P1)
Cc4t;(T1-P1)+(P1-d)
Tc2p;(T1-d)-P1
Cc3t;P1+(P1-d)
Tc1p;(T1-d)-P1
Cc4p;(T1-d)-(T1-P1)
Tc2t;T1-d
Cc3p;(T1-P1)-d
Tc1t;T1-d
Tc4p;T1-d
Cc2t;T1-d
Tc3p;T1-d
Cc1t;(T1-P1)+(P1-d)
Cc4t;P1-d
Tc2p;
Cc3t;(T1-P1)+(P1-d)
Tc1p;T1-d
Tc4t;T1-d
Cc2p;T1-d
Tc3t;T1-d
Cc1p;T1-d
Tc1t;P1-d
Tc2p;(T1-d)+P1
Tc3t;(T1-P1)-d
Tc4p;T1-d
Cc1t;(T1-P1)+(P1-d)
Cc2p;
Cc3t;(T1-P1)+(P1-d)
Cc4p;(T1-d)-(T1-P1)
Tc1p;T1-d
Tc2t;T1-d
Tc3p;P1-d
Tc4t;(T1-P1)+(P1-d)
Cc1p;(T1-P1)-d
Cc2t;(T1-P1)+(P1-d)
Cc3p;(T1-d)-(T1-P1)
Cc4t;(T1-P1)+(P1-d)
Cc1t;(T1-P1)+((T1-P1)-d)
Cc2p;(T1-d)-(T1-P1)
Cc3t;(T1-P1)+(P1-d)
Cc4p;(T1-d)-(T1-P1)
Tc1t;(T1-P1)+(P1-d)
Tc2p;(T1-d)-(T1-P1)
Tc3t;(T1-P1)+(P1-d)
Tc4p;(T1-d)-(T1-P1)
Cc1p;(T1-P1)-d
Cc2t;(T1-P1)+(P1-d)
Cc3p;T1-d
Cc4t;(T1-P1)+(P1-d)
Tc1p;T1-d
Tc2t;
Tc3p;P1-d
Tc4t;T1-d
Cc4p;T1xdxP1
Cc3t;T1xP1xd
Cc2p;T1xP1xd
Cc1t;T1xdxP1
Tc4p;T1xP1xd
Tc3t;T1xdxP1
Tc2p;T1xdxP1
Tc1t;T1xP1xd
Cc4t;(T1-P1)+d
Cc3p;T1+P1
Cc2t;(T1-P1)+d
Cc1p;T1-d
Tc4t;T1-d
Tc3p;T1-d
Tc2t;T1-d
Tc1p;T1-d
Tc4p;(T1-d)+P1
Tc3t;P1-d
Tc2p;T1-d
Tc1t;P1-d
Cc4p;
Cc3t;(T1-P1)+(P1-d)
Cc2p;((T1-d)+(T1-P1))-d
Cc1t;P1+(P1-d)
Tc4t;T1+P1
Tc3p;T1+P1+d
Tc2t;T1+d
Tc1p;T1+P1+d
Cc4t;T1+P1+d
Cc3p;T1-P1-d
Cc2t;T1+P1
Cc1p;T1+P1+d
Tc1t;T1-d
Cc3p;(T1-d)-(T1-P1)
Tc2t;(T1-P1)+(P1-d)
Cc4p;(T1-d)-(T1-P1)
Cc1t;(T1-P1)+(P1-d)
Tc3p;T1-d
Cc2t;(T1-P1)+(P1-d)
Tc4p;(T1-P1)-d
Tc1p;T1-d
Cc3t;(T1-P1)+(P1-d)
Tc2p;T1-d
Cc4t;(T1-P1)+(P1-d)
Cc1p;(T1-d)-(T1-P1)
Tc3t;(T1-P1)-d
Cc2p;T1-d
Tc4t;T1-d
Cc1t;(T1-P1)+(P1-d)
Tc3p;(T1+P1)-d
Cc2t;P1+(P1-d)
Tc4p;T1-d
Tc1t;T1-d
Cc3p;T1-d
Tc2t;T1-d
Cc4p;d/2x2
Cc1p;(T1-d)-(T1-P1)
Tc3t;(P1+P1)-d
Cc2p;(T1-d)-(T1-P1)
Tc4t;T1-d
Tc1p;T1-d
Cc3t;(T1-P1)+(P1-d)
Tc2p;T1-(T1-P1)
Cc4t;(T1-P1)+(P1-d)
Tc4p;(T1+P1)-d
Cc2t;(T1-P1)+(P1-d)
Tc3p;T1-d+d
Cc1t;(T1-P1)+(P1-d)
Cc4p;(T1-d)-(T1-P1)
Tc2t;T1-d
Cc3p;(T1-d)-(T1-P1) et P1-d
Tc1t;T1+d
Tc4t;P1-d
Cc2p;(T1-d)-(T1-P1)
Tc3t;T1-(P1-d)
Cc1p;(T1-d)-(T1-P1)
Cc4t;(T1-P1)+(P1-d)
Tc2p;P1-d
Cc3t;(T1-P1)+(P1-d)
Tc1p;T1-(T1-d)
Cc4p;T1-d
Tc2t;T1-d
Cc3p;T1-d
Tc1t;(T1-P1)+(P1-d)
Tc4p;T1-d
Cc2t;(T1-P1)+(P1-d)
Tc3p;T1-d
Cc1t;(T1-P1)+(P1-d)
Cc4t;(T1-P1)+(P1-d)
Tc2p;(T1-d)-(T1-P1)
Cc3t;(T1-P1)+(P1-d)
Tc1p;(T1-d)-P1
Tc4t;T1-d
Cc2p;(T1-d)-P1
Tc3t;
Cc1p;(T1-d)-(T1-P1)
Tc1t;T1-d
Tc2p;T1-d
Tc3t;T1-d
Tc4p;(T1-d)-P1
Cc1t;(T1-P1)+(P1-d)
Cc2p;(T1-d)-(T1-P1)
Cc3t;(T1-P1)+(P1-d)
Cc4p;(T1-d)-(T1-P1)
Tc1p;P1-d
Tc2t;T1-d
Tc3p;(T1+P1)-d
Tc4t;T1-d
Cc1p;T1-P1
Cc2t;(T1-P1)+(P1-d)
Cc3p;T1-d
Cc4t;P1-d
Cc1t;(T1-P1)+(P1-d)
Cc2p;(T1-d)-(T1-P1)
Cc3t;(T1-P1)+(P1-d)
Cc4p;(T1-d)-(T1-P1)
Tc1t;(T1-P1)+(P1-d)
Tc2p;P1-d
Tc3t;T1-d
Tc4p;P1-d
Cc1p;(T1+P1)-d
Cc2t;T1-d
Cc3p;(T1+P1)-d
Cc4t;P1-d
Tc1p;(T1+P1)-d
Tc2t;T1-d
Tc3p;(T1xP1)-d
Tc4t;(T1+P1)-d
Cc4p;(T1-d)/2
Cc3t;(T1-P1)+(P1-d)
Cc2p;T1-d
Cc1t;(T1-P1)+(P1-d)
Tc4p;T1-d
Tc3t;T1-d
Tc2p;T1-d
Tc1t;T1-d
Cc4t;T1-d
Cc3p;T1-d
Cc2t;(T1-P1)+(P1-d)
Cc1p;(T1-d)/2
Tc4t;T1-d
Tc3p;T1-d
Tc2t;(T1-P1)-d
Tc1p;T1-d
Tc4p;T1+P1+d
Tc3t;T1+P1+d-d-d-d-d-d
Tc2p;((T1+P1)+d)-d
Tc1t;T1+P1
Cc4p;
Cc3t;(T1-P1)+(P1-d)
Cc2p;
Cc1t;
Tc4t;T1+d
Tc3p;T1-d
Tc2t;T1-d
Tc1p;T1-d
Cc4t;T1-d
Cc3p;(T1-d)-(T1-P1)
Cc2t;(T1-P1)+(P1-d)
Cc1p;(T1-d)-P1
Tc1t;T1-d
Cc3p;T1-d
Tc2t;T1-d
Cc4p;(T1-d)-(T1-P1)
Cc1t;(T1-P1)+(P1-d)
Tc3p;P1-d
Cc2t;(T1-P1)+(P1-d)
Tc4p;
Tc1p;(T1+P1)-d
Cc3t;P1+(P1-d)
Tc2p;T1-d
Cc4t;
Cc1p;T1-d
Tc3t;
Cc2p;d/2
Tc4t;(T1+P1)+d
Cc1t;(T1-P1)+(P1-d)
Tc3p;
Cc2t;(T1/2)+((T1/2)-d)
Tc4p;T1-d
Tc1t;T1-d
Cc3p;T1-d
Tc2t;T1-d
Cc4p;P1-d
Cc1p;T1-d
Tc3t;T1+P1+d
Cc2p;T1+P1
Tc4t;T1+P1+d
Tc1p;T1-d
Cc3t;T1+P1+d
Tc2p;T1+P1+d
Cc4t;T1+P1+d
Tc4p;
Cc2t;(T1-P1)+d
Tc3p;(T1+P1)-d
Cc1t;(T1-P1)+(P1-d)
Cc4p;
Tc2t;T1+d
Cc3p;T1-d
Tc1t;T1-d
Tc4t;(T1-P1)+d
Cc2p;T1-d
Tc3t;T1-P1
Cc1p;T1-d
Cc4t;T1+(P1-d)
Tc2p;P1-d
Cc3t;T1-d
Tc1p;T1-d
Cc4p;T1-d
Tc2t;T1-d
Cc3p;T1-d
Tc1t;
Tc4p;
Cc2t;(T1-P1)+(P1-d)
Tc3p;(T1-d)+P1
Cc1t;(T1-P1)+(P1-d)
Cc4t;(T1-P1)+(P1-d)
Tc2p;T1-d
Cc3t;(T1-P1)+(P1-d)
Tc1p;T1-d
Tc4t;T1-d
Cc2p;
Tc3t;T1-d
Cc1p;
Tc1t;T1-d
Tc2p;(T1-d)-(T1-P1)
Tc3t;P1-d
Tc4p;T1-d
Cc1t;P1-d
Cc2p;P1-d
Cc3t;(T1-P1)+(P1-d)
Cc4p;T1-(T1-d)
Tc1p;T1-d
Tc2t;T1-d
Tc3p;P1-d
Tc4t;T1-d
Cc1p;(T1-d)-(T1-P1)
Cc2t;(T1-P1)+((T1-P1)-d)
Cc3p;P1-d
Cc4t;(T1-P1)+(P1-d)
Cc1t;P1+d
Cc2p;d/2
Cc3t;T1-P1
Cc4p;d/2
Tc1t;T1+d
Tc2p;T1-d
Tc3t;P1-d
Tc4p;P1-d
Cc1p;T1-d
Cc2t;(T1-P1)+d
Cc3p;T1-d
Cc4t;P1-d
Tc1p;(T1+P1)-d
Tc2t;T1-d
Tc3p;T1-d
Tc4t;T1-d
Cc4p;(T1-d)-(T1-P1)
Cc3t;(T1-P1)+(P1-d)
Cc2p;T1-d
Cc1t;(T1-P1)+(P1-d)
Tc4p;T1-d
Tc3t;P1-d
Tc2p;(T1-P1)+d
Tc1t;T1-d
Cc4t;T1+(P1-d)
Cc3p;T1-d
Cc2t;(T1-P1)+(P1-d)
Cc1p;(T1-P1)-d
Tc4t;P1-d
Tc3p;
Tc2t;(T1-P1)-d
Tc1p;P1-d
Tc4p;T1-d
Tc3t;P1-d
Tc2p;T1-((T1-P1)-d)
Tc1t;T1-d
Cc4p;
Cc3t;(T1-P1)+(P1-d)
Cc2p;(T1-d)-(T1-P1)
Cc1t;T1-P1
Tc4t;T1-d
Tc3p;(T1+P1)-d
Tc2t;T1+d
Tc1p;(T1+P1)-d
Cc4t;P1-d
Cc3p;
Cc2t;
Cc1p;T1-d
Tc1t;T1-d
Cc3p;(T1-d)-(T1-P1)
Tc2t;T1-d
Cc4p;
Cc1t;(T1-P1)+d
Tc3p;(T1x2)-d
Cc2t;(T1-P1)+(P1-d)
Tc4p;
Tc1p;T1-d
Cc3t;
Tc2p;(T1-P1)+d
Cc4t;T1+(P1-d)
Cc1p;
Tc3t;
Cc2p;(T1-d)-(T1-P1)
Tc4t;(T1+P1)x2
Cc1t;(P1+d)+d
Tc3p;(T1+P1)-d
Cc2t;(T1-P1)+d
Tc4p;(T1+P1)+d
Tc1t;T1+P1
Cc3p;
Tc2t;T1-d
Cc4p;T1-d
Cc1p;(T1-d)-P1
Tc3t;T1-d
Cc2p;(T1-d)-P1
Tc4t;T1+(P1-d)
Tc1p;T1-d
Cc3t;T1-d
Tc2p;(T1+P1)-d
Cc4t;
Tc4p;T1-d
Cc2t;(T1-P1)+(P1-d)
Tc3p;
Cc1t;(T1-P1)+(P1-d)
Cc4p;(T1-d)-P1
Tc2t;(T1-P1)+(P1-d)
Cc3p;(T1-d)-(T1-P1)
Tc1t;(T1-P1)+(P1-d)
Tc4t;T1-d
Cc2p;T1-d
Tc3t;
Cc1p;T1-d
Cc4t;(T1-P1)+(P1-d)
Tc2p;T1-d
Cc3t;P1-d
Tc1p;P1-d
Cc4p;(T1-d)-(T1-P1)
Tc2t;T1-d
Cc3p;(T1-d)-(T1-P1)
Tc1t;T1-((T1-P1)-d)
Tc4p;(T1-d)-(T1-P1)
Cc2t;
Tc3p;T1-d
Cc1t;(T1-P1)+(P1-d)
Cc4t;(T1-P1)+(P1-d)
Tc2p;T1-d
Cc3t;T1+(P1-d)
Tc1p;T1-d
Tc4t;T1-d
Cc2p;(T1-d)-(T1-P1)
Tc3t;T1-P1
Cc1p;T1-d
Tc1t;T1-d
Tc2p;(T1-d)-(T1-P1)
Tc3t;P1-d
Tc4p;T1-d
Cc1t;(T1-P1)+(P1-d)
Cc2p;(T1-d)-(T1-P1)
Cc3t;(T1-P1)+(P1-d)
Cc4p;(T1-d)-P1
Tc1p;(T1+P1)-d
Tc2t;
Tc3p;
Tc4t;
Cc1p;T1-d
Cc2t;
Cc3p;
Cc4t;
Cc1t;
Cc2p;
Cc3t;
Cc4p;T1-d
Tc1t;P1+d
Tc2p;(T1-P1)+d
Tc3t;P1+d
Tc4p;
Cc1p;(T1-d)-(T1-P1)
Cc2t;(T1-P1)+(P1-d)
Cc3p;(T1-d)-(T1-P1)
Cc4t;(T1-P1)+d
Tc1p;(T1-d)-P1
Tc2t;T1-d
Tc3p;(T1-d)-P1
Tc4t;T1-d
Cc4p;T1-d
Cc3t;T1-(P1-d)
Cc2p;T1-d
Cc1t;T1-(P1-d)
Tc4p;
Tc3t;P1-d
Tc2p;T1-d
Tc1t;T1-d
Cc4t;(T1-P1)+(P1-d)
Cc3p;(T1-d)-(T1-P1)
Cc2t;(T1-P1)+(P1-d)
Cc1p;(T1-d)-(T1-P1)
Tc4t;P1-d
Tc3p;(T1-d)-P1
Tc2t;(T1-P1)+d
Tc1p;T1-d
Tc4p;T1-d
Tc3t;T1-d
Tc2p;(T1-d)-P1
Tc1t;T1-d
Cc4p;(T1-d)-(T1-P1)
Cc3t;(T1-P1)+(P1-d)
Cc2p;(T1-d)-(T1-P1)
Cc1t;(T1-P1)+(P1-d)
Tc4t;
Tc3p;(T1-P1)-d
Tc2t;(T1-P1)-d
Tc1p;
Cc4t;(T1-P1)+d
Cc3p;T1-d
Cc2t;(T1-d)+(T1-P1)
Cc1p;T1-P1
Tc1t;T1+(P1-d)
Cc3p;(T1-P1)-d
Tc2t;T1-d
Cc4p;(T1-d)-(T1-P1)
Cc1t;(T1-P1)+(P1-d)
Tc3p;(T1+d)-d
Cc2t;(T1-P1)+(P1-d)
Tc4p;
Tc1p;(T1-d)-P1
Cc3t;(T1-P1)+(P1-d)
Tc2p;(T1-d)-(T1-P1)
Cc4t;(T1-P1)+(P1-d)
Cc1p;(T1-d)-(T1-P1)
Tc3t;P1+((T1-P1)-d)
Cc2p;(T1-d)+(T1-P1)
Tc4t;(T1-P1)+(P1-d)
Cc1t;(T1-P1)+(P1-d)
Tc3p;(T1+P1)-d
Cc2t;(T1-P1)+(P1-d)
Tc4p;
Tc1t;(T1-P1)-d
Cc3p;T1-d
Tc2t;(T1-P1)+d
Cc4p;(T1-P1)+((T1-P1)-d)
Cc1p;T1-d
Tc3t;
Cc2p;T1-d
Tc4t;(T1+P1)-d
Tc1p;(T1+P1)-d
Cc3t;T1+P1
Tc2p;(T1+P1)-d
Cc4t;(T1-P1)+(P1-d)
Tc4p;T1-d
Cc2t;(T1-P1)+(P1-d)
Tc3p;(P1+P1)-d
Cc1t;(T1-P1)+(P1-d)
Cc4p;(T1-d)-P1
Tc2t;(T1+P1)-d
Cc3p;(T1-d)-(T1-P1)
Tc1t;(T1-d)+P1
Tc4t;T1-d
Cc2p;(T1-d)-(T1-P1)
Tc3t;(T1+P1)-d
Cc1p;(T1-d)-(T1-P1)
Cc4t;(T1-P1)+(P1-d)
Tc2p;T1-d
Cc3t;(T1-P1)+(P1-d)
Tc1p;(T1-P1)+d
Cc4p;T1-P1
Tc2t;(T1-P1)+(P1-d)
Cc3p;(T1-d)-(T1-P1)
Tc1t;T1-d
Tc4p;(T1-P1)+(P1-d)
Cc2t;(T1-P1)+((T1-P1)-d)
Tc3p;T1-d
Cc1t;(T1-P1)+(P1-d)
Cc4t;(T1-P1)+(P1-d)
Tc2p;(T1-d)-(T1-P1)
Cc3t;(T1-P1)+(P1-d)
Tc1p;T1-P1
Tc4t;T1+(P1-d)
Cc2p;(T1-d)-(T1-P1)
Tc3t;T1-d
Cc1p;T1-d
Tc1t;T1-d
Tc2p;T1-d
Tc3t;P1+d
Tc4p;T1+P1
Cc1t;(T1-P1)+((T1-P1)-d)
Cc2p;(T1-P1)-d
Cc3t;(T1-P1)+(P1-d)
Cc4p;P1-d
Tc1p;T1-d
Tc2t;T1-d
Tc3p;T1-d
Tc4t;T1-d
Cc1p;T1-d
Cc2t;(T1-P1)+d
Cc3p;(T1-P1)-d
Cc4t;(T1-P1)-d
Cc1t;(T1-P1)+(P1-d)
Cc2p;(T1-d)-(T1-P1)
Cc3t;(T1-P1)+(P1-d)
Cc4p;(T1-d)-(T1-P1)
Tc1t;(T1-P1)+(P1-d)
Tc2p;(T1-d)-(T1-P1)
Tc3t;P1-d
Tc4p;(T1-d)-(T1-P1)
Cc1p;(T1-d)-(T1-P1)
Cc2t;(T1-P1)+(P1-d)
Cc3p;(T1-P1)-d
Cc4t;(T1-P1)+(P1-d)
Tc1p;
Tc2t;T1-d
Tc3p;T1-d
Tc4t;T1-d
Cc4p;P1-d
Cc3t;(T1+P1)-d
Cc2p;(T1-d)-(T1-P1)
Cc1t;(T1-P1)+(P1-d)
Tc4p;T1-d
Tc3t;T1-d
Tc2p;(T1-P1)-d
Tc1t;T1-d
Cc4t;T1-d
Cc3p;T1-d
Cc2t;(T1-P1)+(P1-d)
Cc1p;T1-d
Tc4t;T1-d
Tc3p;T1+P1
Tc2t;T1-d
Tc1p;T1-d
Tc4p;T1-d
Tc3t;T1-d
Tc2p;T1-d
Tc1t;T1-d
Cc4p;(T1-P1)-d
Cc3t;(T1-P1)+(P1-d)
Cc2p;(T1-P1)-d
Cc1t;(T1-P1)-(P1-d)
Tc4t;T1-d
Tc3p;T1-d
Tc2t;T1-d
Tc1p;(T1-d)-(T1-P1)
Cc4t;(T1-P1)+(P1-d)
Cc3p;(T1-d)-(T1-P1)
Cc2t;T1-(P1-d)
Cc1p;
Tc1t;P1-d
Cc3p;(T1-d)-(T1-P1)
Tc2t;T1-d
Cc4p;T1-d
Cc1t;T1+(P1-d)
Tc3p;T1-d
Cc2t;T1+(P1-d)
Tc4p;(T1+P1)-d
Tc1t;T1-d
Cc2p;T1-d
Tc2t;T1-d
Cc1p;d-(P1-d)
Tc1p;T1-d
Cc2t;
Tc2p;T1-d
Cc1t;
Tc2t;T1-d
Tc1p;T1+P1+d
Cc1t;T1+d
Cc2p;T1-d
Tc2p;T1-d
Tc1t;(T1+P1)-d
Cc1p;
Cc2t;non interprétable
Cc1t;T1-P1
Tc2p;Néant
Cc2t;(P1-d)+P1
Tc1p;
Cc1p;(T1-P1)-(P1-d)
Tc2t;T1-d
Cc2p;(T1-d)-(T1-P1)
Tc1t;T1-d
Cc2t;(T1-P1)+(P1-d)
Cc1p;T1-d
Tc1t;d+(P1+T1)
Tc2p;P1-d
Cc2p;(T1-d)-(T1-P1)
Cc1t;(T1-P1)+(P1-d)
Tc1p;T1-d
Tc2t;T1-d
Tc3t;P1-d
Cc4p;P1-d
Tc4t;T1-d
Cc3p;(T1-d)-P1
Tc3p;aucun calcul
Cc4t;(T1-P1)+(P1-d)
Tc4p;(T1-d)-P1
Cc3t;(T1-P1)+(P1-d)
Tc4t;T1-d
Tc3p;T1-d
Cc3t;non interprétable
Cc4p;
Tc4p;
Tc3t;non interprétable
Cc3p;
Cc4t;(T1-P1)+(P1-d)
Cc3t;(T1-P1)+((T1-P1)-d)
Tc4p;T1-d
Cc4t;(T1-P1)+(P1-d)
Tc3p;T1-d
Tc3t;T1-d
Cc4p;(T1-d)-(T1-P1)
Tc4t;T1-(P1-d)
Cc3p;(T1-d)-(T1-P1)
Tc3p;T1-d
Cc4t;(T1-P1)+(P1-d)
Tc4p;(T1-d)-(T1-P1)
Cc3t;(T1-P1)+(P1-d)
Tc4t;T1-d
Tc3p;(T1-d)-P1
Cc3t;(T1-P1)+(P1-d)
Cc4p;(T1-d)-(T1-P1)
Tc4p;(T1-d)-(T1-P1)
Tc3t;T1-d
Cc3p;(T1-d)-P1
Cc4t;(P1-d)+(P1-d)
Cc3t;(T1-P1)+(P1-d)
Tc4p;(T1-d)-(T1-P1)
Cc4t;(T1-P1)+(P1-d)
Tc3p;(T1-d)-(T1-P1)
Cc3p;P1-d
Tc4t;(T1-P1)+(P1-d)
Cc4p;(T1-d)-(T1-P1)
Tc3t;
Cc4t;(T1-P1)+(P1-d)
Cc3p;(T1-d)-(T1-P1)
Tc3t;P1-d
Tc4p;P1-d
Cc4p;(T1-d)-(T1-P1)
Cc3t;(T1-P1)+(P1-d)
Tc3p;T1-d
Tc4t;T1+d
Tc1t;(T1-d)+T1
Cc2p;(T1-d)-P1
Tc2t;(T1+P1)+((T1+P1)-d)
Cc1p;T1-d
Tc1p;T1+P1+T1+P1
Cc2t;T1+d
Tc2p;T1+P1-d
Cc1t;T1-d
Tc2t;
Tc1p;T1-d
Cc1t;T1-d
Cc2p;(T1-P1)+(P1-d)
Tc2p;T1-d
Tc1t;P1-d
Cc1p;(T1-d)-(T1-P1)
Cc2t;P1+(P1-d)
Cc1t;(T1-P1)+(P1-d)
Tc2p;T1-d
Cc2t;(T1-P1)+(P1-d)
Tc1p;
Cc3p;T1-d
Tc4t;T1-d
Cc4p;T1-d
Tc3t;T1-d
Cc4t;P1-d
Cc3p;P1-d
Tc3t;T1-d
Tc4p;P1-d
Cc4p;non interprétable
Cc3t;(T1-P1)-P1
Tc3p;(T1+P1)-d
Tc4t;(T1-P1)-d
Tc1t;T1-d
Cc2p;T1-d
Tc2t;T1-d
Cc1p;T1-d
Tc1p;T1-d
Cc2t;(T1-P1)+d
Tc2p;P1-d
Cc1t;(T1-P1)-((T1-P1)-d)+(T1-P1)
Tc2t;(T1-P1)+(P1-d)
Tc1p;T1-d
Cc1t;((T1-P1)-d)+(T1-P1)
Cc2p;(T1-d)-(T1-P1)
Tc2p;T1-d
Tc1t;T1+P1+d+d
Cc1p;T1-d
Cc2t;T1-d
Cc1t;(T1-P1)+(P1-d)
Tc2p;T1-d
Cc2t;(T1-P1)+(P1-d)
Tc1p;T1-d
Cc1p;(T1-d)-(T1-P1)
Tc2t;T1-d
Cc2p;(T1-d)-(T1-P1)
Tc1t;(T1-P1)+(P1-d)
Cc2t;(T1-P1)-d
Cc1p;(T1-d)-(T1-P1)
Tc1t;(T1-P1)-d
Tc2p;
Cc2p;(T1-P1)-d
Cc1t;(T1+d)-d
Tc1p;(T1+P1)-d
Tc2t;(T1+P1)-d
Tc3t;T1+P1+d
Cc4p;(T1-d)+P1
Tc4t;(T1-d)+P1
Cc3p;T1+P1+d
Cc1p;(T1-d)-(T1-P1)
Tc2t;T1-d
Cc2p;(T1-d)-(T1-P1)
Tc1t;(T1-P1)+d
Cc2t;P1+T1+d
Cc1p;P1xT1xd
Tc1t;P1-T1-d
Tc2p;P1+T1+d
Cc2p;P1-d
Cc1t;T1-d
Tc1p;
Tc2t;T1-d
Tc3t;T1-d
Cc4p;T1-P1
Tc4t;T1-d
Cc3p;T1-d
Tc3p;T1-d
Cc4t;(T1-P1)+(P1-d)
Tc4p;T1-d
Cc3t;(T1-P1)+(P1-d)
Tc4t;T1-P1
Tc3p;T1-d
Cc3t;P1-d
Cc4p;T1-P1
Tc4p;T1-d
Tc3t;(T1+P1)-d
Cc3p;(T1-d)-(T1-P1)
Cc4t;(T1-P1)+(P1-d)
Cc3t;(T1-P1)+(P1-d)
Tc4p;T1-d
Cc4t;(T1-P1)+(P1-d)
Tc3p;T1-P1
Cc3p;
Tc4t;T1-d
Cc4p;T1-d
Tc3t;T1-P1
Cc4t;d+d
Cc3p;T1-P1
Tc3t;T1-P1
Tc4p;(T1-P1)-d
Cc4p;(T1-d)-(T1-P1)
Cc3t;P1+(P1-d)
Tc3p;T1-d
Tc4t;T1-d
Tc1t;T1-d
Cc2p;(T1-P1)-d
Tc2t;T1-d
Cc1p;T1-d
Tc3p;non interprétable
Cc4t;(T1-P1)+d
Tc4p;(T1-d)-P1
Cc3t;T1-d
Tc4t;T1+P1+d
Tc3p;
Cc3t;P1-d
Cc4p;T1+P1+d
Tc4p;T1+P1+d
Tc3t;P1+P1+d
Cc3p;non interprétable
Cc4t;T1+T1
Cc3t;(T1-P1)+(P1-d)
Tc4p;T1-d
Cc4t;(T1-P1)+(P1-d)
Tc3p;(T1-d)-P1
Cc3p;T1-d
Tc4t;T1-d
Cc4p;T1-d
Tc3t;T1-d
Cc4t;(T1-P1)+(P1-d)
Cc3p;(T1-d)-(T1-P1)
Tc3t;P1-d
Tc4p;T1-d
Cc4p;d+d
Cc3t;T1x2
Tc3p;T1+P1
Tc4t;T1+d
Tc1t;T1-d
Cc2p;T1-d
Tc2t;T1-d
Cc1p;(T1-d)-(T1-P1)
Tc1p;T1-d
Cc2t;P1-d
Tc2p;T1-d
Cc1t;(T1-d)-d
Tc2t;T1-d
Tc1p;(T1+P1)-d
Cc1t;(T1+P1)+((T1+P1)-d)
Cc2p;(T1+P1)-d
Tc2p;T1-d
Tc1t;T1+(P1-d)
Cc1p;(T1-d)-(T1-P1)
Cc2t;(T1-P1)+(P1-d)
Cc1t;(T1-P1)+(P1-d)
Tc2p;(T1-P1)-d
Cc2t;non interprétable
Tc1p;T1-d
Tc1p;P1-d
Cc2t;(T1-P1)+(P1-d)
Tc2p;T1-d
Cc1t;(T1-P1)+(P1-d)
Tc2t;T1-d
Tc1p;T1+P1
Cc1t;T1-d
Cc2p;T1-d
Tc2p;T1-d
Tc1t;T1+d
Cc1p;T1-d
Cc2t;P1-d
Cc1t;Néant
Tc2p;T1-P1
Cc2t;P1-d
Tc1p;T1-d
Cc1p;T1-d
Tc2t;T1-d
Cc2p;T1-d
Tc1t;T1-d
Cc2t;(T1-P1)+(P1-d)
Cc1p;(T1-d)-(T1-P1)
Tc1t;T1+(P1-d)
Tc2p;(T1-d)-(T1-P1)
Cc2p;T1-P1
Cc1t;
Tc1p;
Tc2t;
Tc3t;T1-d
Cc4p;(T1-d)-(T1-P1)
Tc4t;T1-d
Cc3p;(T1-d)-(T1-P1)
Tc3p;(T1-d)-(T1-P1)
Cc4t;(T1-P1)+(P1-d)
Tc4p;T1-d
Cc3t;(T1-P1)+(P1-d)
Tc4t;T1-d
Tc3p;(T1+P1)-d
Cc3t;(T1-P1)+(P1-d)
Cc4p;
Tc4p;T1-d
Tc3t;(T1+P1)-d
Cc3p;T1-d
Cc4t;T1-d
Cc3t;(T1-d)-P1
Tc4p;T1-d
Cc4t;(T1-P1)+((T1-P1)-d)
Tc3p;(T1+P1)-d
Cc1p;P1-d
Tc2t;T1-d
Cc2p;(T1-P1)-d
Tc1t;P1-d
Cc2t;P1+d+P1
Cc1p;(T1-P1)-d
Tc1t;T1-d
Tc2p;T1-d
Cc2p;(T1-d)-(T1-P1)
Cc1t;T1-d
Tc1p;P1-d
Tc2t;T1-d
Tc3t;non interprétable
Cc4p;(T1-d)-(T1-P1)
Tc4t;(T1-P1)+(P1-d)
Cc3p;T1-d
Tc3p;(T1+P1)-d
Cc4t;(T1-P1)+(P1-d)
Tc4p;T1-d
Cc3t;(T1-P1)+(P1-d)
Tc4t;T1-d
Tc3p;(T1-d)-P1
Cc3t;(T1-P1)+d
Cc4p;(T1-d)-(T1-P1)
Cc3p;(T1-d)-(T1-P1)
Tc4t;T1-d
Cc4p;(T1-d)-(T1-P1)
Tc3t;T1-d
Cc4t;P1+d
Cc3p;T1-d
Tc3t;T1-d
Tc4p;T1-P1
Cc4p;(T1-d)-(T1-P1)
Cc3t;(T1-P1)+(P1-d)
Tc3p;T1-d
Tc4t;(T1-P1)+(P1-d)
Tc1t;T1-d
Cc2p;(T1-d)-(T1-P1)
Tc2t;T1-d
Cc1p;T1-d
Tc1p;P1-d
Cc2t;(T1-P1)+(P1-d)
Tc2p;P1-d
Cc1t;(T1-P1)+(P1-d)
Tc4p;T1-d
Tc3t;(T1+P1)-d
Cc3p;P1-d
Cc4t;T1-d
Cc3t;(T1-P1)+(P1-d)
Tc4p;(T1-d)-(T1-P1)
Cc4t;(T1-P1)+(P1-d)
Tc3p;(T1+P1)-d
Cc3p;(T1-d)-(T1-P1)
Tc4t;(T1-P1)+d
Cc4p;(T1-d)-(T1-P1)
Tc3t;T1-d
Cc4t;(T1-P1)+(P1-d)
Cc3p;P1-d
Tc3t;Néant
Tc4p;T1-d
Cc4p;T1+d
Cc3t;(T1-P1)+(P1-d)
Tc3p;Néant
Tc4t;(T1-P1)+d
Tc1t;(T1-P1)+(P1-d)
Cc2p;(T1-d)-(T1-P1)
Tc2t;T1-(P1-d)
Cc1p;T1-d
Tc1p;(T1-P1)+d
Cc2t;(T1-P1)+(P1-d)
Tc2p;T1-P1
Cc1t;Néant
Tc2t;(T1-P1)-d
Tc1p;Néant
Cc1t;P1+(P1-d)
Cc2p;(T1-d)-(T1-P1)
Tc2p;(T1-d)-(T1-P1)
Tc1t;T1-d
Cc1p;(T1-d)-(T1-P1)
Cc2t;(T1-P1)+(P1-d)
Cc1t;(T1-P1)+(P1-d)
Tc2p;(T1-d)-(T1-P1)
Cc2t;(T1-P1)+(P1-d)
Tc1p;(T1-d)-(T1-P1)
Cc1p;T1-d
Tc2t;(T1-P1)+d
Cc2p;(T1-d)-(T1-P1)
Tc1t;(T1-P1)+(P1-d)
Cc2t;(T1-P1)+(P1-d)+(T1-P1)
Cc1p;T1-d
Tc1t;T1-d
Tc2p;T1-d
Tc2t;Néant
Tc1p;Néant
Cc1t;Néant
Cc2p;Néant
Tc2p;T1-d
Tc1t;T1+d
Cc1p;(T1-P1)-d
Cc2t;(T1-P1)+(P1-d)
Cc1t;(T1-P1)+(P1-d)
Tc2p;T1-d
Cc2t;(T1-P1)+(P1-d)
Tc1p;T1-d
Cc1p;(T1-d)-(T1-P1)
Tc2t;Néant
Cc2p;(T1-d)-(P1+d)
Tc1t;non interprétable
Cc2t;
Cc1p;
Tc1t;
Tc2p;
Cc2p;Néant
Cc1t;T1+P1+d
Tc1p;T1+P1+d
Tc2t;T1-(P1-d)
Tc3t;(T1+P1)-d
Cc4p;T1-d
Tc4t;P1-d
Cc3p;T1-d
Tc3p;(T1+P1)-d
Cc4t;T1-d
Tc4p;T1+P1+d
Cc3t;aucun calcul
Tc4t;T1+P1-d
Tc3p;Néant
Cc3t;(T1-P1)+(P1-d)
Cc4p;T1-d
Tc4p;Néant
Tc3t;Néant
Cc3p;Néant
Cc4t;(T1-P1)+(P1-d)
Cc3t;T1-d
Tc4p;P1+d
Cc4t;T1-d
Tc3p;(T1+P1)-d
Cc3p;T1-(T1-d)
Tc4t;(T1+P1)+d
Cc4p;T1-d
Tc3t;T1+P1+d
Cc4t;(T1-P1)+d
Cc3p;(T1-d)+((T1-d)-(P1+d))
Tc3t;(T1+P1)-d
Tc4p;
Cc2p;(T1-d)-(T1-P1)
Cc1t;(T1-P1)+((T1-P1)-d)
Tc1p;Néant
Tc2t;T1-d
Tc3t;P1-d
Cc4p;
Tc4t;P1+d+
Cc3p;aucun calcul
Tc3p;P1-d
Cc4t;T1-d
Tc4p;(T1-P1)-P1
Cc3t;(T1-P1)+(P1-d)
Tc4t;aucun calcul
Tc3p;aucun calcul
Cc3t;(T1-P1)+(P1-d)
Cc4p;T1-d
Tc4p;T1-d
Tc3t;T1-d
Cc3p;(T1-P1)-d
Cc4t;(T1-P1)+(P1-d)
Cc3t;(T1-P1)+(P1-d)
Tc4p;T1-d
Cc4t;(T1-P1)+(P1-d)
Tc3p;(T1-P1)-d
Cc3p;T1-d
Tc4t;(T1-P1)+d
Cc4p;(T1-d)-(T1-P1)
Tc3t;T1-d
Cc4t;(T1-P1)+d
Cc3p;
Tc3t;P1-d
Tc4p;
Cc4p;aucun calcul
Cc3t;aucun calcul
Tc3p;T1-d
Tc4t;T1-d
Tc1t;T1-d
Cc2p;T1-d
Tc2t;(T1+P1)-d
Cc1p;T1-d
Tc1p;(T1+P1)-d
Cc2t;(T1-P1)+(P1-d)
Tc2p;P1-d
Cc1t;(T1-P1)+(P1-d)
Tc2t;T1+(P1-d)
Tc1p;(T1-d)-P1
Cc1t;(T1-P1)+(P1-d)
Cc2p;
Cc4p;non interprétable
Cc3t;(T1-P1)+(P1-d)
Tc3p;T1-d
Tc4t;T1+d
Tc1t;T1-d
Cc2p;(T1-P1)+(P1-d)
Tc2t;T1-d
Cc1p;(T1-d)-(T1-P1)
Tc1p;T1-d
Cc2t;(T1-P1)+(P1-d)
Tc2p;T1-d
Cc1t;P1-d
Tc2t;T1-d
Tc1p;(T1-d)-P1
Cc1t;(T1-P1)+(P1-d)
Cc2p;(T1-d)-P1
Tc2p;(T1-d)-(T1-P1)
Tc1t;
Cc1p;(T1-d)-(T1-P1)
Cc2t;(T1-P1)+(P1-d)
Cc1t;(T1-P1)+d
Tc2p;T1-d
Cc2t;(T1-P1)+d
Tc1p;T1-d
Cc1p;P1+T1+d
Tc2t;P1+T1+d
Cc2p;P1+T1+d
Tc1t;P1+T1+d
Cc2t;(P1-d)+P1
Cc1p;Néant
Tc1t;T1-d
Tc2p;aucun calcul
Cc2p;(T1-d)-P1
Cc1t;(T1-P1)+(P1-d)
Tc1p;(T1-d)-P1
Tc2t;aucun calcul
Tc3t;T1-P1
Cc4p;T1-d
Tc4t;T1+d
Cc3p;T1-d
Tc3p;T1-d
Cc4t;(T1-P1)+(P1-d)
Tc4p;(T1-P1)-d
Cc3t;T1-P1
Tc4t;P1+d
Tc3p;T1-d
Cc3t;(T1-P1)+(P1-d)
Cc4p;(T1-d)-(T1-P1)
Tc2p;T1-d
Tc1t;T1-d
Cc1p;(T1-d)-(T1-P1)
Cc2t;T1+(P1-d)
Cc1t;P1-d
Tc2p;(T1-d)-(T1-P1)
Cc2t;P1-d
Tc1p;(T1-d)-(T1-P1)
Cc1p;(T1-P1)-d
Tc2t;T1-d
Cc2p;(T1-P1)-d
Tc1t;T1-d
Cc2t;(T1-P1)+(P1-d)
Cc1p;(T1-P1)-d
Tc1t;(T1-P1)-d
Tc2p;T1-d
Cc2p;(T1-d)-P1
Cc1t;(T1-P1)+(P1-d)
Tc1p;T1-d
Tc2t;T1-d
Tc3t;T1-d
Cc4p;T1-d
Tc4t;T1-d
Cc3p;T1-d
Tc3p;P1-d
Cc4t;P1-d
Tc4p;T1-d
Cc3t;P1+(P1+d)
Tc4t;T1-P1
Tc3p;T1+P1
Cc3t;(T1-P1)+(P1-d)
Cc4p;T1-P1
Tc4p;(T1-P1)-d
Tc3t;T1-d
Cc3p;T1-d
Cc4t;(T1-P1)+(P1-d)
Cc3t;(T1-P1)+(P1-d)
Tc4p;(T1-d)-(T1-P1)
Cc4t;(T1-P1)+(P1-d)
Tc3p;P1-d
Cc3p;(T1-P1)-d
Tc4t;T1-d
Cc4p;(T1-P1)-d
Tc3t;T1-d
Cc4t;(T1-P1)+(P1-d)
Cc3p;(T1-d)-(T1-P1)
Tc3t;T1-d
Tc4p;
Cc4p;(T1-d)-(T1-P1)
Cc3t;(T1-P1)+(P1-d)
Tc3p;P1-d
Tc4t;P1+(P1+d)
Tc1t;(T1-P1)+(P1-d)
Cc2p;(T1-d)-(T1-P1)
Tc2t;(T1-P1)+(P1-d)
Cc1p;(T1-d)-(T1-P1)
Tc4p;T1+d
Tc3t;T1-d
Cc3p;P1-d
Cc4t;(T1-P1)+(P1-d)
Cc3t;(T1-P1)+(P1-d)
Tc4p;T1-d
Cc4t;(T1-P1)+(P1-d)
Tc3p;T1-d
Cc3p;(T1-d)-(T1-P1)
Tc4t;T1-d
Cc4p;(T1-d)-(T1-P1)
Tc3t;T1-d
Cc4t;(T1-P1)+(P1-d)
Cc3p;(T1-d)-(T1-P1)
Tc3t;T1-d
Tc4p;non interprétable
Cc4p;T1+P1
Cc3t;(T1+P1)-d
Tc3p;T1+d
Tc4t;T1+P1+d
Tc1t;P1+d
Cc2p;(T1-d)-P1
Tc2t;T1-d
Cc1p;(T1-d)-P1
Tc1p;P1-d
Cc2t;(T1-P1)+(P1-d)
Tc2p;(T1-P1)-d
Cc1t;(T1-P1)+(P1-d)
Tc2t;T1-d
Tc1p;(T1-d)-P1
Cc1t;(T1-P1)+(P1-d)
Cc2p;(T1-d)-(T1-P1)
Tc2p;T1-d
Tc1t;T1+d
Cc1p;(T1-P1)-d
Cc2t;(T1-P1)+(P1-d)
Cc1t;(T1-P1)+(P1-d)
Tc2p;T1-d
Cc2t;(T1-P1)+(P1-d)
Tc1p;T1-d
Cc1p;(T1-d)-(T1-P1)
Tc2t;(T1-P1)-d
Cc2p;(T1-d)-(T1-P1)
Tc1t;T1-d
Cc2t;(T1-P1)+(P1-d)
Cc1p;(T1-d)-(T1-P1)
Tc1t;T1-d
Tc2p;T1-d
Cc2p;T1-(T1-P1)
Cc1t;(T1-P1)+(P1-d)
Tc1p;(T1-d)-P1
Tc2t;T1-d
Tc1p;non interprétable
Cc2t;(T1-P1)+(P1-d)
Tc2p;(T1-d)-(T1-P1)
Cc1t;(T1-P1)+(P1-d)
Tc2t;T1-d
Tc1p;T1-d
Cc1t;(T1-P1)-d
Cc2p;T1-(T1-P1)
Tc2p;(T1-d)+(T1-P1)-P1
Tc1t;T1-d
Cc1p;(T1+P1)-d
Cc2t;(T1-P1)+(P1-d)
Cc1t;(T1-P1)+(P1-d)
Tc2p;(T1-P1)-d
Cc2t;(T1-P1)+(P1-d)
Tc1p;(T1-d)-(T1-P1)
Cc1p;(T1-d)-(T1-P1)
Tc2t;(T1-P1)+(P1-d)
Cc2p;(T1-d)-(T1-P1)
Tc1t;(T1-P1)+(P1-d)
Cc2t;T1-P1
Cc1p;(T1-P1)-d
Tc1t;T1-d
Tc2p;aucun calcul
Cc2p;P1-d
Cc1t;(T1-P1)+(P1-d)
Tc1p;(T1-d)-P1
Tc2t;T1-d
Tc3t;P1-d
Cc4p;(T1-d)-(T1-P1)
Tc4t;(T1-P1)-d
Cc3p;(T1-d)-(T1-P1)
Tc3p;T1+d
Cc4t;(T1-P1)+(P1-d)
Tc4p;(T1-P1)-d
Cc3t;(T1-P1)+(P1-d)
Tc4t;Néant
Tc3p;(T1-d)-P1
Cc3t;(T1-P1)+(P1-d)
Cc4p;(T1-d)-(T1-P1)
Tc4p;(T1-P1)-d
Tc3t;T1-d
Cc3p;(T1-d)-(T1-P1)
Cc4t;(T1-P1)+(P1-d)
Tc3t;T1-d
Cc4p;(T1-P1)-d
Tc4t;T1-d
Cc3p;(T1-P1)-d
Tc3p;P1-d
Cc4t;(T1-P1)+(P1-d)
Tc4p;(T1-P1)-d
Cc3t;(T1-P1)+(P1-d)
Tc4t;(T1-P1)-d
Tc3p;T1-d
Cc3t;(T1-P1)+(P1-d)
Cc4p;(T1-d)-(T1-P1)
Tc4p;(T1-d)-(T1-P1)
Tc3t;P1-d
Cc3p;(T1-d)-(T1-P1)
Cc4t;(T1-P1)+(P1-d)
Cc3t;(T1-P1)+(P1-d)
Tc4p;(T1-d)-(T1-P1)
Cc4t;(T1-P1)+(P1-d)
Tc3p;(T1-d)-(T1-P1)
Cc3p;(T1-P1)-d
Tc4t;(T1-P1)-d
Cc4p;P1-d
Tc3t;T1-d
Cc4t;(T1-P1)+(P1-d)
Cc3p;(T1-d)-(T1-P1)
Tc3t;T1+(P1-d)
Tc4p;(T1-d)-(T1-P1)
Cc4p;(T1-d)-(T1-P1)
Cc3t;T1-d
Tc3p;(T1-P1)-d
Tc4t;T1-d
Tc1t;T1-d
Cc2p;(T1-P1)-d
Tc2t;T1-d
Cc1p;(T1-P1)-d
Tc1p;(T1+P1)+d
Cc2t;(T1-d)+T1
Tc2p;(T1+P1)-d
Cc1t;non interprétable
Tc2t;(T1+P1)-d
Tc1p;T1-(P1+d)
Cc1t;T1-d
Cc2p;(T1-P1)-d
Cc3t;(T1-P1)+(P1-d)
Tc4p;(T1-d)-(T1-P1)
Cc4t;(T1-P1)+(P1-d)
Tc3p;(T1+d)-d
Cc3p;(T1-d)-(T1-P1)
Tc4t;
Cc4p;T1-d
Tc3t;T1-d
Cc4t;T1-d
Cc3p;(T1-d)-(T1-P1)
Tc3t;T1-d
Tc4p;(T1-d)-P1
Cc4p;(T1-P1)-d
Cc3t;(T1-P1)+(P1-d)
Tc3p;T1-d
Tc4t;T1-d
Tc2p;T1-d
Tc1t;Néant
Cc1p;Néant
Cc2t;(T1-P1)+(P1-d)
Cc1t;((T1-P1)-d)+(T1-P1)
Tc2p;T1-d
Cc2t;(T1-P1)-d
Tc1p;T1-d
Cc1p;(T1-d)-(T1-P1)
Tc2t;T1-d
Cc2p;(T1-d)-(T1-P1)
Tc1t;T1-d
Cc2t;T1-d
Cc1p;P1-d
Tc1t;P1+d
Tc2p;T1+(P1-d)+d
Cc2p;(T1-d)-(T1-P1)
Cc1t;(T1-P1)+(P1-d)
Tc1p;(T1-d)-P1
Tc2t;T1-d
Tc1t;(T1-P1)+(P1-d)
Cc2p;(T1-d)-(T1-P1)
Tc2t;T1-d
Cc1p;(T1-d)-(T1-P1)
Tc1p;(T1-d)-P1
Cc2t;(T1-P1)+(P1-d)
Tc2p;T1-d
Cc1t;(T1-P1)+(P1-d)
Tc2t;(T1-P1)+d
Tc1p;(T1-d)-(T1-P1)
Cc1t;T1-d
Cc2p;(T1-d)-(T1-P1)
Tc2p;(T1-d)-(T1-P1)
Tc1t;(T1-P1)+(P1-d)
Cc1p;(T1-d)-P1
Cc2t;(T1-P1)+(P1-d)
Cc1t;(T1-P1)+(P1-d)
Tc2p;
Cc2t;((T1-P1)-d)+(T1-P1)
Tc1p;T1-d
Cc1p;(T1-d)-(T1-P1)
Tc2t;(T1-P1)+d
Cc2p;(T1-d)-(T1-P1)
Tc1t;P1+((T1-P1)-d)
Cc2t;(T1-P1)+(P1-d)
Cc1p;T1-(T1-P1)
Tc1t;(T1-P1)+(P1-d)
Tc2p;(T1-d)-(T1-P1)
Cc2p;(T1-P1)-d
Cc1t;(T1+P1)-d
Tc1p;Néant
Tc2t;T1-d
Tc3t;T1-d
Cc4p;(T1-d)-(T1-P1)
Tc4t;T1+d
Cc3p;(T1-P1)-d
Tc3p;T1-d
Cc4t;(T1-P1)+d
Tc4p;T1-d
Cc3t;T1-d
Tc4t;T1-d
Tc3p;T1-d
Cc3t;P1-d
Cc4p;(T1-d)-(T1-P1)
Tc3t;T1+P1+d
Cc4p;(T1+P1)-d
Tc4t;T1+P1+d
Cc3p;T1-d
Tc3p;(T1-P1)-d
Cc4t;(T1-P1)+(P1-d)
Tc4p;(T1-d)-(T1-P1)
Cc3t;(T1-P1)+(P1-d)
Tc4t;T1-d
Tc3p;Néant
Cc3t;(T1-P1)+(P1-d)
Cc4p;(T1-d)-(T1-P1)
Tc4p;(T1-d)-(T1-P1)
Tc3t;non interprétable
Cc3p;(T1-d)-(T1-P1)
Cc4t;(T1-P1)+(P1-d)
Cc3t;(T1-P1)+(P1-d)
Tc4p;(T1-d)-(T1-P1)
Cc4t;(T1-P1)+(P1-d)
Tc3p;(T1-d)-(T1-P1)
Cc3p;(T1-d)-(T1-P1)
Tc4t;T1+(P1-d)
Cc4p;(T1-d)-(T1-P1)
Tc3t;P1-d
Cc4t;(T1-P1)+(P1-d)
Cc3p;(T1-d)-(T1-P1)
Tc3t;non interprétable
Tc4p;(T1-P1)-d
Cc4p;(T1-P1)-d
Cc3t;(T1+P1)-d
Tc3p;Néant
Tc4t;P1-d
Tc1t;P1-d
Cc2p;(T1-d)-(T1-P1)
Tc2t;(T1-P1)-d
Cc1p;(T1-P1)-d
Tc1p;(T1-d)-P1
Cc2t;(T1-P1)+(P1-d)
Tc2p;(T1-d)-(T1-P1)
Cc1t;(T1-P1)+(P1-d)
Tc2t;(T1-P1)+(P1-d)
Tc1p;T1-d
Cc1t;(T1-P1)+(P1-d)
Cc2p;(T1-d)-(T1-P1)
Tc4p;(T1+d)-T1
Tc3t;Néant
Cc3p;(T1+P1)-d
Cc4t;P1+d
Cc3t;(T1-P1)+(P1-d)
Tc4p;T1-d
Cc4t;(T1-P1)+(P1-d)
Tc3p;T1-d
Cc3p;(T1-d)-(T1-P1)
Tc4t;(T1-P1)-d
Cc4p;
Tc3t;Néant
Cc4t;P1+T1+d+(P1-d)
Cc3p;T1-d
Tc3t;Néant
Tc4p;Néant
Cc4p;(T1-P1)-d
Cc3t;(T1-P1)+(P1-d)
Tc3p;T1-d
Tc4t;(T1-P1)+d
Tc1t;T1-d
Cc2p;(T1-d)-P1
Tc2t;T1+(P1-d)
Cc1p;(T1-d)-(T1-P1)
Tc1p;T1-d
Cc2t;(T1-P1)+(P1-d)
Tc2p;T1-d
Cc1t;(T1-P1)-d+(T1-P1)
Tc2t;T1-d
Tc1p;(T1-d)-P1
Cc1t;(T1-P1)+(P1-d)
Cc2p;(T1-d)-(T1-P1)
Tc2p;(T1-d)-(T1-P1)
Tc1t;T1-d
Cc1p;(T1-d)-(T1-P1)
Cc2t;(T1-P1)+(P1-d)
Cc1t;(T1-P1)+(P1-d)
Tc2p;T1-d
Cc2t;(T1-P1)+(P1-d)
Tc1p;T1-d
Tc2p;P1-d
Tc1t;T1+d
Cc1p;T1-d
Cc2t;P1-d
Cc1t;(T1-P1)+(P1-d)
Tc2p;T1-d
Cc2t;T1-d
Tc1p;T1-d
Cc1p;T1-d
Tc2t;T1+d
Cc2p;P1+d
Tc1t;T1+P1+d
Cc2t;T1-d
Cc1p;T1-d
Tc1t;T1-d
Tc2p;T1-d
Cc2p;(T1-d)-P1
Cc1t;T1-d
Tc1p;T1-d
Tc2t;T1-d
Tc3t;T1-d
Cc4p;(T1-d)-(T1-P1)
Tc4t;T1-d
Cc3p;(T1-d)-(T1-P1)
Tc3p;T1-d
Cc4t;(T1-P1)+(P1-d)
Tc4p;T1-d
Cc3t;Néant
Tc4t;non interprétable
Tc3p;T1-d
Cc3t;(T1-d)-(T1-P1)
Cc4p;non interprétable
Tc4p;
Tc3t;T1-d
Cc3p;(T1-d)-(T1-P1)
Cc4t;(T1-P1)+d
Cc1p;T1-P1
Tc2t;T1-d
Cc2p;non interprétable
Tc1t;P1+d
Cc2t;(T1-P1)+d
Cc1p;non interprétable
Tc1t;non interprétable
Tc2p;non interprétable
Cc2p;(T1-P1)-d
Cc1t;(T1-P1)+(P1-d)
Tc1p;T1-d
Tc2t;(T1-P1)-d
Tc3t;T1-d
Cc4p;T1-P1
Tc4t;T1-d
Cc3p;(T1-P1)-d
Tc3p;P1-(P1-d)
Cc4t;(T1-P1)+(P1-d)
Tc4p;T1-d
Cc3t;(T1-P1)+(P1-d)
Tc4t;(T1-P1)+d
Tc3p;T1-P1
Cc3t;(T1-P1)+(P1-d)
Cc4p;T1-P1
Tc4p;(T1-P1)-d
Tc3t;T1-d
Cc3p;(T1-P1)-d
Cc4t;(T1-P1)+(P1-d)
Cc3t;P1-d
Tc4p;T1-d
Cc4t;(T1-P1)+(P1-d)
Tc3p;Néant
Cc3p;(T1-d)-(T1-P1)
Tc4t;T1-(P1-d)
Cc4p;(T1-d)-(T1-P1)
Tc3t;(T1-P1)+(P1-d)
Cc3t;(T1-P1)-((T1-P1)-d)
Tc4p;(T1+P1)+d
Cc4t;(T1+P1)-d
Tc3p;P1-d
Cc3p;(T1-d)-(T1-P1)
Tc4t;T1-d
Cc4p;(T1-d)-(T1-P1)
Tc3t;P1-d
Cc4t;(T1-P1)+(P1-d)
Cc3p;(T1-d)-(T1-P1)
Tc3t;T1-d
Tc4p;(T1-P1)-d
Cc4p;(T1-d)-(T1-P1)
Cc3t;
Tc3p;P1-d
Tc4t;T1+d
Tc1t;P1-d
Cc2p;
Tc2t;T1-d
Cc1p;(T1-d)-(T1-P1)
Tc1p;aucun calcul
Cc2t;(T1-P1)+(P1-d)
Tc2p;
Cc1t;(T1-P1)+(P1-d)
Tc2t;(T1-P1)+(P1-d)
Tc1p;P1-d
Cc1t;
Cc2p;(T1-d)-(T1-P1)
Tc2p;T1-d
Tc1t;(T1+P1)-d
Cc1p;(T1+P1)-d
Cc2t;T1-d
Cc1t;(T1-P1)+(P1-d)
Tc2p;T1-(T1-P1)
Cc2t;(T1-P1)+(P1-d)
Tc1p;(T1-d)-(T1-P1)
Cc4t;(T1-P1)+d
Cc3p;T1-d
Tc3t;T1-d
Tc4p;T1-d
Cc4p;Néant
Cc3t;Néant
Tc3p;Néant
Tc4t;Néant
Tc1t;(T1+P1)+d
Cc2p;(T1+P1)+d
Tc2t;(T1+P1)+d
Cc1p;(T1+P1)+d
Tc1p;(T1-d)-P1
Cc2t;T1-d
Tc2p;((T1-P1)+d)-(T1-P1)
Cc1t;(T1-P1)+(P1-d)
Tc2t;(T1-P1)+(P1-d)
Tc1p;non interprétable
Cc1t;(T1-P1)+(P1-d)
Cc2p;aucun calcul
Tc2p;(T1-P1)-d
Tc1t;
Cc1p;(T1-P1)-d
Cc2t;(T1-P1)+(P1-d)
Cc1t;(T1-P1)+(P1-d)
Tc2p;T1-d
Cc2t;T1-d
Tc1p;T1-d
Cc1p;T1-d
Tc2t;T1-d
Cc2p;T1-d
Tc1t;T1-d
Cc2t;(T1-P1)+(P1-d)
Cc1p;(T1-d)-(T1-P1)
Tc1t;P1-d
Tc2p;T1-d
Cc2p;T1-d
Cc1t;T1-d
Tc1p;T1-d
Tc2t;T1-d
Cc1p;
Tc2t;T1-d
Cc2p;T1-d
Tc1t;(T1-P1)-d
Cc2t;(T1-P1)+(P1-d)
Cc1p;(T1-P1)-d
Tc1t;T1-d
Cc2p;T1-d
Cc2p;(T1-d)-(T1-P1)
Cc1t;(T1-P1)+(P1-d)
Tc1p;(T1-d)-(T1-P1)
tc2T;(T1-P1)+(P1-d)
Tc3t;T1-d
Cc4p;T1-(T1-P1)
Tc4t;T1-d
Cc3p;(T1-d)-(T1-P1)
Tc3p;T1-d
Cc4t;non interprétable
Tc4p;T1-d
Cc3t;Néant
Tc4t;(T1-P1)+d
Tc3p;(T1-d)-(T1-P1)
Cc3t;(T1-P1)+(P1-d)
Cc4p;(T1-d)-(T1-P1)
Tc4p;T1-d
Tc3t;T1-d
Cc3p;(T1-P1)+P1
Cc4t;T1-(P1-d)
Cc3t;(T1-P1)+(P1-d)
Tc4p;P1-d
Cc4t;(T1-P1)+(P1-d)
Tc3p;T1-d
Cc3p;(T1-P1)-d
Tc4t;T1-d
Cc4p;T1-d
Tc3t;(T1+P1)-d
Cc4t;T1-d
Cc3p;T1-d
Tc3t;T1+d
Tc4p;P1+d
Tc3t;Néant
Cc4p;(T1-d)-(T1-P1)
Tc4t;T1+(P1-d)
Cc3p;(T1-d)-(T1-P1)
Tc3p;T1-d
Cc4t;T1+d
Tc4p;(T1+P1)-d
Cc3t;non interprétable
Tc4t;T1-d
Tc3p;T1+d
Cc3t;(T1-P1)+(P1-d)
Cc4p;(P1-d)+(T1-P1)
Tc4p;(T1-d)-(T1-P1)
Tc3t;T1-d
Cc3p;(T1-P1)-d
Cc4t;T1-d
Cc3t;(T1-P1)+(P1-d)
Tc4p;T1-d
Cc4t;(T1-P1)+(P1-d)
Tc3p;non interprétable
Cc4p;P1-d
Cc3t;(T1-P1)+(P1-d)
Tc3p;(T1-d)-(T1-P1)
Tc4t;(T1-P1)+(P1-d)
Tc1t;T1-d
Cc2p;(T1-d)-(T1-P1)
Tc2t;T1-d
Cc1p;(T1-d)-(T1-P1)
Tc1p;non interprétable
Cc2t;
Tc2p;T1-d
Cc1t;Néant
Tc2t;T1+d
Tc1p;(T1-d)-P1
Cc1t;T1-(P1-d)
Cc2p;T1-P1
Tc2p;(T1-P1)-d
Tc1t;(T1-P1)-d
Cc1p;(T1-d)-(T1-P1)
Cc2t;(T1-P1)+(P1-d)
Cc3p;T1-d
Tc4t;Néant
Cc4p;aucun calcul
Tc3t;Néant
Cc4t;(T1-P1)+(P1-d)
Cc3p;(T1-d)-(T1-P1)
Tc3t;P1-d
Tc4p;(T1-d)-(T1-P1)
Cc4p;
Cc3t;(T1-P1)+(P1-d)
Tc3p;
Tc4t;(T1-P1)+(P1-d)
Tc1t;T1+P1
Cc2p;(T1-d)-(T1-P1)
Tc2t;T1-d
Cc1p;(T1-P1)-d
Tc1p;(T1-d)-(T1-P1)
Cc2t;(T1-P1)+(P1-d)
Tc2p;(T1-P1)-d
Cc1t;(T1-P1)+(P1-d)
Tc2t;T1-d
Tc1p;(T1-d)-P1
Cc1t;(T1-P1)+(P1-d)
Cc2p;(T1-d)-(T1-P1)
Tc2p;T1-d
Tc1t;T1-d
Cc1p;T1-d
Cc2t;
Cc1t;(T1-P1)-d
Tc2p;T1-d
Cc2t;(T1-P1)+(P1-d)
Tc1p;T1-d
Cc1p;(T1-d)-(T1-P1)
Tc2t;T1-d
Cc2p;(T1-d)-(T1-P1)
Tc1t;T1-d
Cc2t;((T1+P1)-d)+(T1-P1)
Cc1p;
Tc1t;
Tc2p;
Cc2p;aucun calcul
Cc1t;(T1-P1)+d
Tc1p;P1-d
Tc2t;T1-d
Cc1t;(T1-P1)+(P1-d)
Tc2p;T1-d
Cc2t;T1-d
Tc1p;T1-d
Cc1p;T1-d
Tc2t;T1-d
Cc2p;(T1-d)-(T1-P1)
Tc1t;T1-d
Cc2t;(T1-P1)+(P1-d)
Cc1p;(T1-P1)-d
Tc1t;(T1-d)+P1
Tc2p;T1-d
Cc2p;(T1-d)-(T1-P1)
Cc1t;(T1-P1)+(P1-d)
Tc1p;(T1-d)-(T1-P1)
Tc2t;(T1-P1)+(P1-d)
Tc3t;(T1-P1)+(T1-(P1-d))
Cc4p;(T1-d)-(T1-P1)
Tc4t;(T1-P1)+(P1-d)
Cc3p;(T1-d)-(T1-P1)
Tc3p;(T1+P1)-d
Cc4t;(T1-P1)+(P1-d)
Tc4p;T1-d
Cc3t;
Tc4t;T1-d
Tc3p;T1-d
Cc3t;(T1-P1)+(P1-d)
Cc4p;(P1-d)+(T1-P1)
Tc4p;(T1-d)-(T1-P1)
Tc3t;T1-d
Cc3p;(T1-d)-(T1-P1)
Cc4t;(T1-P1)+(P1-d)
Cc3t;(T1-P1)+(P1-d)
Tc4p;(T1-d)-(T1-P1)
Cc4t;(T1-P1)+(P1-d)
Tc3p;T1-d
Cc3p;(T1-d)-(T1-P1)
Tc4t;(T1-P1)+(P1-d)
Cc4p;(T1-d)-(T1-P1)
Tc3t;P1-d
Cc4t;(T1-P1)+(P1-d)
Cc3p;(T1-d)-(T1-P1)
Tc3t;T1-d
Tc4p;T1-d
Cc4p;(T1-d)-(T1-P1)
Cc3t;(T1-P1)+(P1-d)
Tc3p;(T1-d)-P1
Tc4t;(T1-P1)+(P1-d)
Tc1t;(T1-d)+P1
Cc2p;(T1-d)-(T1-P1)
Tc2t;non interprétable
Cc1p;non interprétable
Tc3t;P1-d
Cc4p;(T1-d)-(T1-P1)
Tc4t;T1-d
Cc3p;T1-d
Tc3p;T1-d
Cc4t;(T1-P1)+(P1-d)
Tc4p;T1-d
Cc3t;(T1-P1)+(P1-d)
Tc4t;T1-d
Tc3p;T1-d
Cc3t;(T1-P1)+(P1-d)
Cc4p;P1-d
Tc4p;T1-d
Tc3t;T1-d
Cc3p;(T1-d)-(T1-P1)
Cc4t;(T1-P1)+(P1-d)
Cc3t;(T1-P1)+(P1-d)
Tc4p;(T1-P1)-d
Cc4t;(T1-P1)+(P1-d)
Tc3p;T1-P1
Cc3p;(T1-d)-(T1-P1)
Tc4t;T1-d
Cc4p;(T1-d)-(T1-P1)
Tc3t;T1-d
Cc4t;(T1-P1)+(P1-d)
Cc3p;(T1-P1)-d
Tc3t;(P1x2)+T1
Tc4p;T1-d
Cc4p;T1-d
Cc3t;T1-d
Tc3p;T1-d
Tc4t;T1-d
Tc1t;(T1-P1)-d
Cc2p;(T1-P1)-d
Tc2t;P1-d
Cc1p;(T1-P1)-d
Tc1p;aucun calcul
Cc2t;(T1-P1)+(P1-d)
Tc2p;T1-d
Cc1t;
Tc2t;(T1+P1)-d
Tc1p;aucun calcul
Cc1t;T1-d
Cc2p;
Tc2p;(T1-d)-(T1-P1)
Tc1t;T1-d
Cc1p;(T1-d)-(T1-P1)
Cc2t;(T1-P1)+(P1-d)
Tc1p;T1-d
Cc2t;P1-d
Tc2p;(T1-d)-(T1-P1)
Cc1t;(T1-P1)+(P1-d)
Tc2t;T1+d
Tc1p;T1-d
Cc1t;(T1-P1)+(P1-d)
Cc2p;(T1-d)-(T1-P1)
Tc2p;(T1-d)-(T1-P1)
Tc1t;T1-d
Cc1p;(T1-d)-(T1-P1)
Cc2t;(T1-P1)+(P1-d)
Cc1t;P1+(P1-d)
Tc2p;T1-d
Cc2t;(T1-P1)+(P1-d)
Tc1p;T1-d
Cc1p;(T1-d)-(T1-P1)
Tc2t;(T1-P1)+(P1-d)
Cc2p;(T1-d)-(T1-P1)
Tc1t;(T1-P1)+(P1-d)
Cc2t;
Cc1p;(T1-P1)-d
Tc1t;T1-d
Tc2p;T1-d
Cc2p;(T1-d)-(T1-P1)
Cc1t;(T1-P1)+(P1-d)
Tc1p;(T1-P1)-d
Tc2t;(T1-P1)-d
Tc3t;T1-d
Cc4p;aucun calcul
Tc4t;T1-d
Cc3p;(T1-d)-(T1-P1)
Tc3p;non interprétable
Cc4t;non interprétable
Tc4p;(T1xP1)-d
Cc3t;aucun calcul
Tc4t;(T1-P1)-d
Tc3p;(T1+P1)-d
Cc3t;(T1-P1)+(P1-d)
Cc4p;(T1-P1)+((T1-P1)-d)
Tc4p;
Tc3t;aucun calcul
Cc3p;
Cc4t;aucun calcul
Cc3t;(T1-P1)+(P1-d)
Tc4p;aucun calcul
Cc4t;(T1-P1)+(P1-d)
Tc3p;(T1+P1)-d
Cc1t;(T1-P1)+(P1-d)
Tc2p;T1-d
Cc2t;T1-d
Tc1p;T1-d
Cc1p;(T1-P1)-d
Tc2t;T1-d
Cc2p;T1-d
Tc1t;T1+d
Cc2t;(T1-P1)+(P1-d)
Cc1p;(T1-d)-(T1-P1)
Tc1t;T1-d
Tc2p;(T1-d)-(T1-P1)
Cc2p;(T1-d)-(T1-P1)
Cc1t;T1-d
Tc1p;(T1-d)-(T1-P1)
Tc2t;(T1-P1)+(P1-d)
Tc3t;(T1-P1)-d
Cc4p;(T1-d)-(T1-P1)
Tc4t;(T1-P1)+d
Cc3p;T1-d
Tc3p;P1+d
Cc4t;(T1-P1)+d
Tc4p;T1-d
Cc3t;P1+d
Tc4t;
Tc3p;(T1-d)-(T1-P1)
Cc3t;(T1-P1)+(P1-d)
Cc4p;(T1-d)/2
Tc4p;(T1-P1)-d
Tc3t;P1-d
Cc3p;T1-d
Cc4t;(T1-P1)+(P1-d)
Cc3p;(T1-d)-(T1-P1)
tc4t;(T1-P1)+(P1-d)
Cc4p;(T1-d)-(T1-P1)
Tc3t;T1-d
Cc4t;(T1-P1)+(P1-d)
Cc3p;(T1-P1)-d
Tc3t;T1-d
Tc4p;Néant
Cc4p;(T1-d)-(T1-P1)
Cc3t;(T1-P1)+(P1-d)
Tc3p;(T1+d)-d
Tc4t;T1-d
Tc1t;non interprétable
Cc2p;(T1-d)-(T1-P1)
Tc2t;(T1-P1)+d
Cc1p;T1-P1
Tc1p;Néant
Cc2t;(T1-P1)+(P1-d)
Tc2p;T1-d
Cc1t;(T1-P1)+(P1-d)
Tc2t;(T1-P1)+(P1-d)
Tc1p;(T1-d)-(T1-P1)
Cc1t;(T1-P1)+(P1-d)
Cc2p;(T1-d)-(T1-P1)
Tc2p;P1-d
Tc1t;T1-d
Cc1p;(T1-d)-(T1-P1)
Cc2t;non interprétable
Cc3t;(T1-P1)+(P1-d)
Tc4p;(T1-d)-(T1-P1)
Cc4t;(T1-P1)+(P1-d)
Tc3p;T1-d
Cc3p;P1-d
Tc4t;T1-d
Cc4p;(T1-P1)-d
Tc3t;T1-d
Cc4t;(T1-P1)+((T1-P1)-d)
Cc3p;P1-d
Tc3t;(T1+P1)+((T1+P1)-d)
Tc4p;(T1+P1)-d
Cc4p;(T1-d)-(T1-P1)
Cc3t;(T1-P1)+(P1-d)
Tc3p;(T1-d)-P1
Tc4t;(T1-P1)+(P1-d)
Tc1t;(T1-P1)-d
Cc2p;non interprétable
Tc1t;(T1-P1)-d
Cc1p;
Tc1p;T1-d
Cc2t;(T1-P1)+(P1-d)
Tc2p;(T1-d)-(T1-P1)
Cc1t;(T1-P1)+(P1-d)
Tc2t;(T1-P1)+(P1-d)
Tc1p;(T1+d)-P1
Cc1t;(T1-P1)+(P1-d)
Cc2p;(T1-d)-(T1-P1)
Tc2p;(T1-d)-(T1-P1)
Tc1t;T1-d
Cc1p;T1-(T1-P1)
Cc2t;(T1-P1)+(P1-d)
Cc1t;
Tc2p;
Cc2t;(T1-P1)+(P1-d)
Tc1p;
Cc1p;T1-d
Tc2t;T1-d
Cc2p;T1-d
Tc1t;T1-d
Cc2t;(T1-P1)+(P1-d)
Cc1p;(T1-P1)-d
Tc1t;P1+((T1-P1)-d)
Tc2p;(T1-d)-P1
Cc2p;(T1-d)-(T1-P1)
Cc1t;(T1-P1)+(P1-d)
Tc1p;(T1-d)-(T1-P1)
Tc2t;(T1-P1)+(P1-d)
Cc1t;
Tc2p;(T1-P1)-d
Cc2t;
Tc1p;non interprétable
Cc1p;(T1-d)-(T1-P1)
Tc2t;(T1-P1)+(P1-d)
Cc2p;(T1-d)-(T1-P1)
Tc1t;P1+((T1-P1)-d)
Cc2t;(T1-P1)+(P1-d)
Cc1p;(T1-d)-(T1-P1)
Tc1t;(T1-P1)+(P1-d)
Tc2p;(T1-d)-(T1-P1)
Cc2p;T1-P1
Cc1t;(T1-P1)+(P1-d)
Tc1p;(T1-d)-P1
Tc2t;T1+(P1-d)
Tc3t;T1-d
Cc4p;(T1-d)-(T1-P1)
Tc4t;T1+(T1-P1)
Cc3p;(T1-d)-(T1-P1)
Tc3p;T1-d
Cc4t;(T1-P1)+(P1-d)
Tc4p;(T1-d)-(T1-P1)
Cc3t;T1-d
Tc4t;T1+(P1-d)
Tc3p;T1+d
Cc3t;(T1-P1)+(P1-d)
Cc4p;(T1-d)-(T1-P1)
Tc4p;(T1-P1)+d
Tc3t;T1-d
Cc3p;(T1-d)-(T1-P1)
Cc4t;(T1-P1)+(P1-d)
Cc3t;P1+(P1-d)
Tc4p;(T1-d)-(T1-P1)
Cc4t;(T1-P1)+((T1-P1)-d)
Tc3p;T1-d
Cc3p;(T1-d)-(T1-P1)
Tc4t;(T1-P1)+(P1-d)
Cc4p;(T1-d)-(T1-P1)
Tc3t;P1+((T1-P1)-d)
Cc4t;(T1/2)x((T1/2)-d)
Cc3p;(T1-P1)-d
Tc3t;T1-d
Tc4p;T1-d
Cc4p;(T1-d)-(T1-P1)
Cc3t;(T1-P1)+(P1-d)
Tc3p;T1-d
Tc4t;(T1-P1)+(P1-d)
Tc1t;(T1-P1)+(P1-d)
Cc2p;(T1-d)-(T1-P1)
Tc2t;(T1-P1)+(P1-d)
Cc1p;(T1-d)-(T1-P1)
Tc3t;T1-d
Cc4p;(T1-d)-(T1-P1)
Tc4t;T1-d
Cc3p;(T1-d)-(T1-P1)
Tc3p;Néant
Cc4t;non interprétable
Tc4p;P1-d
Cc3t;(T1-P1)+(P1-d)
Tc4t;T1-(P1-d)
Tc3p;T1-d
Cc3t;(T1-P1)+(P1-d)
Cc4p;(T1-d)-(T1-P1)
Tc4p;T1-(P1-d)
Tc3t;T1-d
Cc3p;P1+P1
Cc4t;
Cc3t;
Tc4p;
Cc4t;(T1-P1)+(P1-d)
Tc3p;T1-d
Cc3p;T1-d
Tc4t;T1-d
Cc4p;(T1-d)-P1
Tc3t;T1-d
Cc4t;(T1-P1)+(P1-d)
Cc3p;(T1-d)-(T1-P1)
Tc3t;P1-d
Tc4p;(T1-d)-(T1-P1)
Cc4p;T1-d
Cc3t;
Tc3p;T1-d
Tc4t;
Tc1p;T1-d
Cc2t;T1-d
Tc2p;(T1-d)-(T1-P1)
Cc1t;T1-d
Tc2t;T1-d
Tc1p;(T1-P1)-d
Cc1t;(T1-P1)+(P1-d)
Cc2p;(T1-d)-d
Tc2p;T1-d
Tc1t;T1-d
Cc1p;T1-d
Cc2t;(T1-P1)+(P1-d)
Cc1t;(T1-P1)+(P1-d)
Tc2p;(T1-d)-(T1-P1)
Cc2t;(T1-P1)+(P1-d)
Tc1p;(T1-d)-(T1-P1)
Cc1p;(T1-P1)-d
Tc2t;(T1-P1)-d
Cc2p;(T1-d)-(T1-P1)
Tc1t;(T1-P1)-d
Cc2t;(T1-P1)+(P1-d)
Cc1p;T1-(T1-P1)
Tc1t;T1-d
Tc2p;(T1-d)-(T1-P1)
Cc2p;P1-d
Cc1t;T1-d
Tc1p;P1-d
Tc2t;T1-d
